           3       -37.90017         5.34671     -1500.00472        -0.40995         0.08828       -10.23179        10.24038           0
           8       -44.69485         0.42644     -1499.52125        -0.25522        -0.03459        -4.69618         4.70323           0
          23       -33.75407         5.51496     -1500.29974        -0.06516         0.02303        -2.09213         2.09327           0
          31       -41.66771         2.26479     -1499.73664         0.22271        -0.14756        -0.43389         0.50955           0
          87       -38.75202        -7.08782     -1499.94411         0.19080         0.59084        -7.43444         7.46033           0
         110       -36.63161        -6.12822     -1500.09499        -0.23865        -0.19707        -9.70413         9.70906           0
         137       -38.08522        -1.41041     -1499.99155        -0.07199        -0.00123        -2.21645         2.21761           0
         161       -44.24868        -1.58817     -1499.55300         0.36255        -0.30917        -1.35990         1.44095           0
         165       -31.18143        -0.26681     -1500.48279        -0.01303         0.00385        -0.98580         0.98589           0
         350       -35.83199         1.50611     -1500.15188        -0.16503         0.01164        -4.49536         4.49840           0
         350       -34.23579         0.43044     -1502.27052         0.14289        -0.03874         0.48908         0.51100           0
         377       -33.68767        -1.14923     -1500.30446        -0.63226        -0.03312       -19.98101        19.99104           0
         381       -42.70326         2.59200     -1499.66296        -0.18423         0.02075        -4.51189         4.51570           0
         381       -44.84877         0.72852     -1501.51535        -0.08691        -0.08641         0.49609         0.51100           0
         381       -34.85188        -6.89442     -1500.22162        -0.04136        -0.02918        -1.77028         1.77100           0
         390       -39.89243         5.47829     -1499.86296         1.39560         1.08155        -4.06799         4.43464           0
         404       -36.65042         2.19566     -1500.09365        -0.87607         0.45118        -0.72947         1.22604           0
         410       -42.37071        -3.75087     -1499.68662         0.79551         0.75099        -0.33824         1.14509           0
         410       -43.92006        -4.15485     -1500.20139         1.05459         0.64894        -0.94564         1.55805           0
         503       -39.35427         5.38493     -1499.90126        -0.11874         0.02271        -2.57434         2.57717           0
         526       -33.36286        -6.10448     -1500.32757        -0.05744        -0.01736        -1.78468         1.78569           0
         530       -32.38839         1.06150     -1500.39691        -0.93692         0.11560       -34.19883        34.21186           0
         562       -37.65736         2.25507     -1500.02200        -0.25181         0.05234        -1.10280         1.13240           0
         563       -31.84749        -3.97785     -1500.43540         0.02104        -0.01457        -0.88572         0.88609           0
         645       -40.20876        -0.47966     -1499.84046        -0.60541         0.73900        -3.32457         3.45910           0
         698       -44.78041        -1.64062     -1499.51516        -0.13840        -0.06258        -2.66688         2.67120           0
         713       -39.11426         0.12340     -1499.91833        -0.51867        -0.00457       -12.56348        12.57418           0
         731       -38.01523         6.14069     -1499.99653        -0.15997         0.04051        -3.68743         3.69112           0
         740       -38.95169        -7.18130     -1499.92990        -0.59420        -0.22219       -14.44138        14.45531           0
         740       -36.32041        -2.94321     -1500.11713        -0.13972        -0.02966        -4.04304         4.04556           0
         742       -34.24937        -2.15214     -1500.26449         1.47010        -0.80798        -4.08150         4.41279           0
         742       -39.44045        -5.81023     -1499.89512         0.32173        -0.59151        -1.78779         1.91038           0
         742       -39.57248         1.67249     -1499.88573         1.21190        -0.47058        -8.52493         8.62349           0
         751       -32.64456        -2.10192     -1500.37868        -0.20122        -0.06011        -7.41910         7.42207           0
         843       -35.62041         4.53608     -1500.16694        -0.17050         0.07676        -5.54879         5.55194           0
         885       -39.28326        -4.47968     -1499.90631        -0.39246         0.07475        -0.31860         0.51100           0
        1033       -34.37264         3.23103     -1500.25572        -0.16482         0.02408        -4.94059         4.94339           0
        1034       -32.33937        -4.81149     -1500.40040        -0.09210        -0.02300        -3.82246         3.82364           0
        1039       -37.55876        -1.73023     -1500.02901         0.00136        -0.00441        -0.23504         0.23508           0
        1039       -34.92070         5.51071     -1500.21672        -0.58365         0.26397        -5.02570         4.58107          -1
        1168       -38.13105        -0.84596     -1499.98829        -2.10598        -0.14444        -1.51235         2.59677           0
        1168       -30.70806        -0.73213     -1500.51647        -0.05323        -0.04156        -0.33979         0.34643           0
        1168       -42.31478         4.41089     -1499.69060        -0.00410         0.00155        -0.10686         0.10695           0
        1176       -38.91244         5.85467     -1499.93269        -0.44388         0.10521       -10.20110        10.21129           0
        1184       -30.23629         0.55295     -1500.55004        -0.15888         0.00476        -5.87051         5.87266           0
        1272       -43.83616        -4.34351     -1500.85006         0.14322        -0.13541        -0.81202         0.83559           0
        1286       -33.84427        -4.02982     -1500.29332        -1.45051         1.13916        -3.91399         4.32677           0
        1366       -33.76228         4.35224     -1500.29915        -0.08208         0.04089        -0.87679         0.88158           0
        1395       -37.96576        -2.18819     -1500.00005        -0.01210        -0.00312        -0.38485         0.38505           0
        1422       -38.04517         0.38126     -1499.99440        -0.80872        -0.27529       -27.06136        27.07484           0
        1458       -34.15132         4.14414     -1500.27147         0.88104        -1.30180        -2.78225         3.19560           0
        1517       -40.55264         1.55764     -1499.81599        -1.08723         0.13867       -23.72468        23.74998           0
        1531       -30.90015         1.52851     -1500.50281        -0.93598         0.05315       -34.00802        34.02094           0
        1531       -32.20798         5.01642     -1502.12970        -0.14386        -0.05621         0.48710         0.51100           0
        1592       -41.70125         4.64718     -1499.73426        -0.09910         0.01071        -1.99478         1.99727           0
        1610       -42.64206        -0.80942     -1499.66731         0.21925        -0.18611        -0.53951         0.61138           0
        1610       -38.56089         2.79336     -1499.95771         2.59066        -0.18073        -4.11736         4.86794           0
        1657       -40.59184         2.48943     -1499.81320        -0.52921         0.00602       -15.38239        15.39149           0
        1676       -41.47861        -4.43892     -1501.75516         0.55790        -0.60350         0.72722         0.69955          -1
        1686       -34.14545         5.04364     -1500.27189        -0.36492         0.14237       -11.50409        11.51075           0
        1686       -42.45023         0.52226     -1499.68096        -0.70161         0.75645        -2.34106         2.55833           0
        1702       -37.51505         1.62785     -1500.03212        -0.27336         0.07535        -8.53961         8.54432           0
        1722       -42.95851        -0.03106     -1499.64480        -2.41943        -0.18440       -62.85592        62.39381          -1
        1810       -36.83359         4.66168     -1500.08061        -0.83332         0.15128       -25.40206        25.41618           0
        1812       -40.93080        -4.27967     -1499.78908        -0.45585        -0.05407        -9.26266         9.27402           0
        1884       -38.72516         4.25733     -1499.94602        -0.59304         0.10837       -17.52159        17.53195           0
        1913       -39.92789        -1.33238     -1499.86044        -0.28210         0.00206        -6.49933         6.50545           0
        1921       -37.11918         7.46962     -1500.06029         0.74100        -0.85869        -2.67947         2.90963           0
        1929       -42.37607        -0.75988     -1499.68624        -0.17701         0.13182        -0.21053         0.30501           0
        1940       -39.34176         7.25004     -1499.90215        -1.14802         0.49657       -38.17649        37.68939          -1
        1982       -35.04773        -3.79061     -1500.20769         0.86719         0.55052        -2.02965         2.27477           0
        2005       -31.47173         2.36954     -1500.46214         0.50059         0.11007        -0.80740         0.95635           0
        2005       -33.99594         1.76619     -1500.28253         0.05314        -0.27029        -0.43039         0.51100           0
        2036       -36.57235        -7.16694     -1500.09920        -0.12980        -0.94097        -1.07302         1.01044          -1
        2036       -36.61307        -7.42359     -1500.52886         0.43262         0.96508        -0.59109         0.80393          -1
        2036       -36.34261        -2.72280     -1500.11555        -0.21448        -0.53003        -1.16700         0.88541          -1
        2045       -35.83935         4.22148     -1500.15136        -0.54434         0.10689       -15.21699        15.22710           0
        2059       -35.48641        -0.07904     -1500.17647        -0.78215        -0.00265       -22.31319        22.32690           0
        2092       -33.83412        -2.21951     -1500.29404        -0.12907        -0.04038        -5.05959         5.06140           0
        2104       -34.12643         1.86372     -1500.27324        -0.26685        -0.02878        -9.23995         9.24385           0
        2136       -38.18026         6.06616     -1499.98479        -2.50771         0.59218       -64.01157        64.06341           0
        2169       -43.82856        -2.60875     -1499.58289        -0.79502        -0.06762       -16.55081        16.57003           0
        2232       -37.00408        -3.98841     -1500.06848        -0.00431         0.00990        -0.26185         0.26207           0
        2306       -43.32619        -1.77726     -1499.61864        -0.52577        -0.03011       -11.17332        11.18573           0
        2331       -41.38515        -1.50813     -1499.75675        -0.15990        -0.31194        -0.81163         0.88409           0
        2368       -33.95882        -0.77017     -1500.28517        -0.40869        -0.06893       -18.54319        18.54782           0
        2368       -38.44509        -4.80884     -1501.97101        -1.39935        -0.14452         2.43871         2.35038          -1
        2385       -42.36572         2.21130     -1499.68698        -0.66490         0.05530       -13.94949        13.96544           0
        2439       -41.30887         2.30456     -1501.76723        -0.06730         0.24693         0.26223         0.36642           0
        2465       -39.12087        -3.50911     -1499.91786        -0.09287        -0.02076        -2.38732         2.38921           0
        2487       -41.79374         5.61088     -1499.72768        -2.97204         0.57533       -66.52170        66.59055           0
        2487       -35.31176         0.41191     -1502.19396         0.28737        -0.22867         0.83014         0.90774           0
        2511       -35.21452        -5.28893     -1500.19582         0.00790        -0.00624        -0.58538         0.58547           0
        2597       -33.63868         2.19874     -1500.30795         0.64051         0.25219        -0.71360         0.99150           0
        2676       -42.19721        -1.91835     -1499.69897        -0.91421        -0.02473       -19.91964        19.94062           0
        2691       -40.38572        -1.50116     -1499.82786        -0.21447        -0.04663        -5.95061         5.95465           0
        2691       -42.87864         0.69249     -1499.65048        -0.27279        -0.01712        -6.50405         6.50979           0
        2735       -31.71882        -4.01095     -1500.44455        -0.06738        -0.69586        -2.41737         2.51644           0
        2739       -39.79722        -1.09549     -1499.86974        -0.19503         0.80728        -5.23361         5.29910           0
        2792       -32.77244        -3.07994     -1500.36958         0.00862        -1.76342        -5.02003         4.83424           1
        2792       -38.37084        -7.26899     -1499.97123         0.00261        -0.02888        -0.07395         0.07943           0
        2811       -36.26953         0.37344     -1500.12075         0.58142        -0.75433        -5.60692         5.68723           0
        2854       -42.24243         4.12271     -1499.69575        -0.13238         0.02379        -3.00623         3.00924           0
        2897       -32.78676        -0.45252     -1500.36856         0.21042         0.27349        -3.38772         3.40525           0
        3013       -35.40670        -0.01243     -1500.18214        -0.67261        -0.00074       -19.26296        19.27470           0
        3013       -35.75435         2.79523     -1502.16246         0.01693         0.11375         0.49789         0.51100           0
        3115       -37.28134        -2.85875     -1500.04875        -0.21423        -0.02441        -5.67327         5.67737           0
        3147       -42.59451        -3.00866     -1499.67070        -0.23706        -0.02530        -5.10672         5.11228           0
        3147       -34.26385         0.24712     -1500.26346        -0.97581         0.00879       -29.40291        29.41909           0
        3149       -43.09707        -0.68598     -1499.63494        -0.03190        -0.00019        -0.68359         0.68434           0
        3173       -33.58335        -1.12928     -1500.31188        -0.09806        -0.01932        -3.68375         3.68511           0
        3228       -41.34687        -0.89735     -1499.75947        -0.31038         0.00721        -6.90107         6.90805           0
        3298       -30.82582        -2.75937     -1500.50809        -0.04301        -0.04574        -3.74278         3.74330           0
        3301       -33.86575        -5.68417     -1500.29179        -0.61831        -0.16660       -18.98619        18.99699           0
        3307       -39.83788         3.72928     -1499.86684         0.84848        -0.27836        -3.66845         3.77557           0
        3315       -32.85146         4.34258     -1500.36396        -0.21525         0.05202        -7.10689         7.11034           0
        3325       -42.23775         4.48733     -1499.69608        -0.26571         0.08377        -5.84324         5.84988           0
        3326       -38.46483         5.02185     -1499.96454        -1.93493         0.25288       -60.67489        60.19742          -1
        3377       -39.57210        -5.31266     -1499.88576        -0.27949        -0.02729        -7.59056         7.59575           0
        3404       -34.84161         0.14139     -1500.22235        -0.06571        -0.00509        -2.47551         2.47639           0
        3422       -37.29007         0.90447     -1500.04813        -0.15062         0.71997        -0.51444         0.89760           0
        3464       -39.61987        -5.19960     -1499.88236         1.51060         0.83753        -1.40026         2.22353           0
        3484       -36.83642        -3.07632     -1500.08041        -0.17653        -0.04120        -5.37076         5.37382           0
        3494       -34.03114        -5.89214     -1500.28002        -0.27008        -0.12953       -10.41787        10.42218           0
        3494       -37.96459         1.74100     -1502.00519        -0.04319         0.10483         0.10665         0.15565           0
        3516       -36.80106        -0.11477     -1500.08293        -0.95670        -0.00444       -25.83404        25.85175           0
        3521       -32.21146         1.92032     -1500.40950        -0.89972         0.08526       -29.53336        29.54718           0
        3595       -31.54514        -3.87797     -1500.45691        -0.68141        -0.63153       -55.24300        55.25081           0
        3655       -33.87464        -1.44560     -1500.29116        -0.61961        -0.04462       -19.10130        19.11140           0
        3669       -43.83403        -0.48937     -1499.58250        -0.19272         0.10979        -3.12433         3.13220           0
        3672       -41.98958        -1.63707     -1499.71374        -0.42031         0.01521       -10.61976        10.62809           0
        3680       -35.23385        -2.03940     -1500.19444        -0.49523         0.13470       -18.20208        18.20932           0
        3693       -34.07162        -2.75568     -1500.27714        -0.07955        -0.00425        -4.26236         4.26311           0
        3790       -41.23474        -3.59848     -1499.76745        -5.06668         1.74490        -8.51428         9.56223           1
        3798       -42.10917         1.01481     -1499.70523         1.14294         0.96775        -0.43986         1.13140          -1
        3798       -35.92778         0.53386     -1500.14507         0.49251         0.16450        -1.37051         1.46558           0
        3889       -30.21291         0.10474     -1500.55171        -0.14777         0.00694        -5.54289         5.54486           0
        3958       -35.74436         1.56313     -1500.15812        -0.16753         0.01740        -4.78684         4.78981           0
        4017       -36.73186         5.38331     -1500.08785        -0.00236         0.48051        -0.17385         0.51100           0
        4059       -42.88719         4.32645     -1499.64987        -0.05347         0.10628        -0.26010         0.28602           0
        4061       -42.26561        -5.12204     -1499.69410        -0.54183         0.22815        -3.58240         3.63032           0
        4061       -41.44737         3.03919     -1499.75232        -0.03171         0.07242        -0.25262         0.26470           0
        4083       -33.27699         2.71315     -1500.33368        -0.05615         0.00870        -1.86128         1.86214           0
        4096       -38.26442         6.82616     -1499.97880        -0.32150         0.08248        -8.08957         8.09638           0
        4170       -38.19613         6.91686     -1499.98366         1.11429         1.13309       -10.58202        10.70069           0
        4188       -38.00781         0.11169     -1499.99706        -0.24351         0.00107        -6.26632         6.27105           0
        4203       -38.37789        -0.13853     -1499.97073        -0.30610         0.08396        -0.40046         0.51100           0
        4236       -40.66272         1.94708     -1499.80815         0.66450        -0.31454        -2.32142         2.43506           0
        4244       -33.39268        -0.57461     -1500.32545        -0.23937         0.43087        -0.13481         0.51100           0
        4248       -34.96083         4.84953     -1500.21387        -0.15654         0.03339        -4.57402         4.57682           0
        4260       -36.41487        -7.37602     -1500.11041        -0.20830        -0.07354        -5.82223         5.82642           0
        4301       -41.37156         2.22439     -1499.75772         0.15323         0.31678        -0.78188         0.85742           0
        4301       -38.20511         3.34785     -1501.98808         0.11920        -0.05862         0.17519         0.21986           0
        4315       -40.88080         1.70374     -1499.79264        -0.17322         0.00911        -3.97033         3.97412           0
        4348       -40.43842         2.51485     -1499.82411        -0.21614        -0.78135        -5.25275         5.31494           0
        4355       -41.47007         0.74783     -1499.75071        -0.16626         0.01975        -3.83798         3.84163           0
        4393       -33.85469        -5.21678     -1500.29258        -1.07953        -0.72055       -59.39998        59.41415           0
        4425       -35.45048        -1.23567     -1500.17903         0.01705        -0.01322        -0.17375         0.17508           0
        4427       -38.11538         4.17669     -1499.98941        -0.12503        -0.12608        -0.47916         0.51100           0
        4452       -44.07679        -2.48838     -1499.56523        -0.02266        -0.06752        -0.10817         0.12951           0
        4452       -44.14786        -0.79147     -1499.56017        -0.70633        -0.54375        -2.19461         2.36873           0
        4452       -44.76388         1.95615     -1499.51634        -0.07697        -0.01989        -2.64102         2.64222           0
        4511       -35.31498        -0.88051     -1500.18867        -0.15392        -0.07456        -0.10203         0.19915           0
        4526       -42.29218         5.04816     -1499.69221        -0.47197         0.08367       -10.31944        10.33057           0
        4526       -42.97279        -0.47967     -1499.64378         0.18803         0.04677        -0.04209         0.19828           0
        4530       -40.00770        -2.78818     -1499.85476         4.08061        -1.76520       -13.10201        13.83583           0
        4530       -42.68227         1.16241     -1499.66445         0.37941        -0.07737        -1.06223         1.13061           0
        4548       -35.20838        -4.50152     -1500.19625        -0.11882        -0.03625        -5.53799         5.53938           0
        4548       -44.05583        -4.07600     -1501.38012         0.51484         0.16238        -0.18129         0.25412           1
        4548       -31.49820        -1.81073     -1502.46531         0.42678        -0.08780         0.16635         0.18084           1
        4548       -30.83584        -2.88418     -1501.83584        -0.40206        -0.18408        -0.03913         0.16590           1
        4548       -41.61296        -3.93781     -1499.74054         0.19704         0.21945        -0.21077         0.36250           0
        4636       -38.63493         7.39384     -1499.95244        -0.37208         0.17002        -8.55188         8.56166           0
        4651       -36.53272         3.27345     -1500.10202         4.01396         1.14094        -8.65088         9.60475           0
        4725       -35.33512         2.69840     -1500.18724        -1.22061         1.18706        -3.35895         3.76584           0
        4725       -33.95387        -1.67716     -1500.28552         1.03837        -1.22822        -8.23092         8.38658           0
        4782       -41.79910        -0.22629     -1499.72730        -1.44666        -0.06316       -36.72703        36.75557           0
        4817       -40.08211        -4.43830     -1499.84947        -0.46812        -0.08043       -11.18782        11.19790           0
        4849       -36.38683        -4.38169     -1500.11240        -0.65317         0.15263       -28.71766        28.72549           0
        4863       -43.71291         1.10299     -1499.59112         0.62060         0.72851        -2.10172         2.30935           0
        4866       -42.23962         0.19508     -1499.69595        -0.02069        -0.01460        -0.51037         0.51100           0
        4894       -34.59976        -4.28061     -1500.23956         0.23765        -0.05152        -0.63995         0.68460           0
        4906       -34.81412        -6.66690     -1500.22431        -0.08156        -0.01012        -3.62373         3.62466           0
        4921       -39.20182         2.80083     -1499.91210        -0.25445         0.01785        -6.33722         6.34235           0
        4921       -33.42150         4.22415     -1500.32340        -0.38253         0.10246       -13.37581        13.38167           0
        4948       -38.36499         2.00706     -1499.97165        -0.12276         0.01147        -3.15588         3.15829           0
        4966       -41.74907        -0.69260     -1499.73085        -0.03855         0.00321        -1.09113         1.09182           0
        5024       -37.55408        -5.43054     -1500.02935         0.50599        -0.65895        -1.79276         1.52992          -1
        5029       -34.02616         5.93474     -1500.28038        -0.17414        -0.02490       -11.85341        11.85472           0
        5219       -31.46782        -3.24785     -1500.46241        -6.74128        -1.15583      -235.10243       235.20190           0
        5225       -40.99201        -4.29354     -1499.78472        -1.02771        -0.15536       -23.68457        23.70737           0
        5244       -43.27746         0.39218     -1499.62210        -0.16045        -0.00203        -3.45501         3.45874           0
        5253       -34.64282         2.01139     -1500.23650        -0.44447         0.05529       -13.16043        13.16805           0
        5312       -34.19803        -5.14741     -1500.26815        -0.11270        -0.03967        -4.05485         4.05661           0
        5365       -42.89298         4.98822     -1499.64946        -2.15124         0.36753       -47.62430        47.67428           0
        5391       -32.69772        -1.35337     -1500.37490        -0.26871        -0.01356        -9.21334         9.21727           0
        5413       -35.32826         5.24331     -1500.18773        -0.06608         0.01697        -1.94682         1.94802           0
        5442       -33.91264         1.92544     -1500.28845         0.00183         0.00601        -0.11668         0.11685           0
        5493       -32.20411         4.90677     -1500.41002        -0.72039        -0.30858        -1.35064         1.56154           0
        5494       -41.66139        -3.59057     -1499.73709        -0.85111        -0.12352       -20.64026        20.65817           0
        5501       -38.86197         4.41798     -1499.93629        -0.22193         0.03213        -6.45291         6.45680           0
        5555       -44.15956         1.45833     -1499.55934        -0.11035         0.01009        -2.26814         2.27084           0
        5561       -40.55513         5.41072     -1499.81581        -1.83832         0.67932        -1.97948         2.78554           0
        5561       -30.36779        -1.38545     -1500.54069        -0.85540         0.59266        -3.63643         3.78240           0
        5582       -41.62227        -0.58484     -1499.73988         3.46078        -1.78402       -18.08341        18.49783           0
        5623       -40.01278        -4.89720     -1499.85440        -0.59073        -0.10643       -14.06746        14.08026           0
        5629       -38.58602        -5.37253     -1499.95592         0.12619         0.02884        -1.27057         1.27715           0
        5639       -38.79914         3.87706     -1499.94076         0.45354        -0.13365        -0.19381         0.51100           0
        5657       -35.47329         6.23477     -1500.17741        -1.40870         0.43330       -41.28527        41.31157           0
        5690       -39.69225        -4.51857     -1499.87721        -0.06552         0.00384        -2.39916         2.40006           0
        5695       -43.39454         3.22227     -1499.61377        -0.42159         0.09308        -8.55238         8.56327           0
        5696       -32.87908         4.68495     -1500.36200        -0.07140         0.01893        -0.55775         0.56262           0
        5713       -42.43078        -0.31111     -1499.68235        -0.06981        -0.00064        -1.52813         1.52972           0
        5714       -41.53502         0.31092     -1499.74609         0.10148         0.39176        -0.21056         0.45619           0
        5721       -41.05320        -1.74223     -1499.78037        -0.24763        -0.01791        -6.58901         6.59369           0
        5736       -35.35033         4.96371     -1500.18615        -0.11045         0.03040        -3.20365         3.20569           0
        5745       -41.52498        -3.55809     -1499.74680         0.17885        -0.51744        -0.50032         0.74165           0
        5752       -34.22162        -5.66901     -1500.26647        -0.13590        -0.01935        -4.17273         4.17499           0
        5788       -44.12425        -1.86141     -1499.56185        -0.77677        -0.04887       -16.13194        16.15070           0
        5850       -37.52932         1.99143     -1500.03111        -0.05122         0.00769        -1.43502         1.43596           0
        5858       -39.85616         4.72566     -1499.86554        -0.49917         0.17566       -11.16557        11.17811           0
        5899       -42.02191         5.14967     -1499.71144        -0.31786         0.06074        -6.93678         6.94432           0
        6030       -39.75807        -2.88271     -1499.87252         5.78832         1.83084       -19.90758        20.81270           0
        6050       -38.85323        -3.34844     -1499.93691        -0.21308        -0.02681        -5.30838         5.31272           0
        6056       -33.39332         0.49214     -1500.32540        -0.09411         0.00796        -3.14082         3.14224           0
        6108       -37.92013         3.56977     -1500.00330         0.66553         0.71407        -2.26870         2.46978           0
        6136       -42.03379        -3.19643     -1499.71060        -0.02829        -0.00425        -0.68649         0.68709           0
        6161       -37.17406        -2.50993     -1500.05639        -0.08051        -0.00346        -2.56209         2.56336           0
        6169       -36.91420        -1.75953     -1502.07993         0.45710        -0.33921         0.82265         1.00038           0
        6193       -39.63199         2.66396     -1499.88149        -0.21855         1.50310        -3.13397         3.48265           0
        6224       -34.22602         5.30951     -1500.26615        -0.02077         0.24905        -0.80717         0.84497           0
        6228       -35.29527        -3.62775     -1500.19007        -0.05972        -0.03427        -1.97136         1.97256           0
        6235       -33.12637        -1.73032     -1500.34440        -0.00339         0.00194        -0.24900         0.24903           0
        6235       -37.01043        -4.64888     -1500.06803        -0.00373         0.00013        -0.16282         0.16287           0
        6235       -34.25161        -0.32243     -1500.26433        -0.13780         0.34570        -0.35017         0.51100           0
        6245       -42.62225        -2.06709     -1499.66872         1.35351         0.45354        -0.90424         1.68977           0
        6250       -43.54512        -2.58634     -1499.60306        -0.53097        -0.01149       -10.81426        10.82729           0
        6273       -40.08193         6.39367     -1499.84948        -0.56692         0.13262       -13.36395        13.37663           0
        6330       -38.75876        -1.74800     -1499.94363        -0.37696        -0.02545        -9.41559         9.42317           0
        6341       -37.13