        0.00000         0.00000         0.00000         1.61429 
         0.00000         0.00000         0.51100         0.00000 
         0.00000         0.00000         0.00000         1.22495 
         0.00000         0.00000         0.10223         0.00000 
         0.00000         0.00000         0.51100        14.12243 
         0.00000         0.00000         2.92318         6.81815 
         0.00000         3.85456         0.00000         0.00000 
         0.00000         0.00000         0.00000         1.54507 
         0.74794         0.00000         0.00000         0.00000 
         0.85589         0.00000         0.00000         0.00000 
        15.96156        30.28322        37.03555        87.45207 
         0.00000         0.00000         0.87220         0.23298 
         0.00000         0.00000         0.00000         4.34412 
         2.07733         0.00000         0.00000         0.00000 
         0.00000         0.00000         0.00000         0.68402 
         0.00000         3.21313         0.41848         0.00000 
         3.61114         0.00000         0.00000         0.00000 
         0.00000         0.00000         1.31045         0.00000 
         0.00000         0.00000         2.98977         0.51100 
         0.00000         0.00000         0.21538         0.00000 
         1.06870         0.00000         0.00000         0.00000 
         0.00000         0.00000         0.00000         1.35779 
         0.00000         0.00000         0.00000         0.78704 
         0.00000         0.85449         0.00000         0.00000 
         0.00000         0.00000         0.00000         6.63024 
         0.00000         0.00000         0.00000         0.45633 
         4.13503        10.84859         0.35473         6.47696 
         0.00000         0.00000         6.50228         0.00000 
         0.00000         0.00000         0.00000         6.22498 
         0.00000         0.00000         0.00000         0.16989 
         0.51313         0.11957         0.00000         0.00000 
         0.00000         0.00000         0.00000         0.15453 
         0.00000         0.00000         0.00000         0.49754 
         0.00000         0.00000         2.64775         0.00000 
         0.00000         0.00000         0.00000         8.42864 
         0.00000         0.00000         0.00000         0.95995 
         0.00000         0.00000         0.00000         0.54364 
         0.00000         0.21933         0.00000         0.00000 
         0.18926         0.00000         0.00000         8.52149 
         0.00000         0.00000         0.54967         0.00000 
         0.00000         0.00000         1.68754         0.00000 
         0.00000         0.00000         0.00000         2.57922 
         0.00000         0.00000         0.00000         3.16545 
         0.00000         0.51100         6.19753         1.37068 
         0.00000         0.15731         0.00000         0.00000 
         0.00000         0.00000         0.74438         0.33224 
         0.39493         0.51100         0.00000         0.00000 
         0.00000         0.00000         0.00000        17.55552 
         0.00000         4.63068         7.52331        13.30069 
         0.00000         0.00000         0.00000         1.31573 
         0.00000         0.23056         0.00000         0.00000 
         0.00000         0.00000         2.60703        35.43548 
         0.00000         0.48303         0.00000         0.00000 
         0.00000         0.00000         0.00000         1.00404 
         0.00000         0.00000         0.00000         5.69875 
         0.00000         2.77795         0.88322         6.85180 
         0.00000         0.00000         0.27626         5.62757 
         0.00000        11.37873         0.00000         0.00000 
         0.00000         0.00000         0.00000         2.60318 
         0.00000         0.00000         0.00000         3.74370 
         0.00000         0.00000         0.00000         3.86633 
         0.00000         0.00000         0.00000         6.53141 
         0.00000         0.40662         0.00000         0.00000 
         0.00000         0.00000         0.00000        20.32403 
         4.50448         0.00000         0.00000         0.00000 
         0.00000         0.00000         0.47443        23.74671 
         0.00000         0.00000         0.00000         0.55353 
         0.00000         0.00000         1.05189         0.00000 
         0.00000         0.00000         0.00000         3.09647 
         0.00000         0.00000         0.00000         2.45896 
         0.00000         0.00000         0.00000         3.20129 
         0.00000         0.39881         0.00000         0.54737 
         0.00000         0.00000         0.00000         0.51100 
         0.02721         0.00000         3.38367         6.60181 
         0.00000         0.00000         0.00000         6.10437 
         0.00000         7.75785        18.98121         0.00000 
         0.00000         0.00000         1.57702         1.38931 
         0.00000         0.00000         2.80130        15.28058 
         0.00000         0.00000         0.00000         0.90444 
         0.00000         0.00000         0.00000        18.29095 
         0.00000         0.00000         0.00000         0.84503 
         0.00000         0.00000         2.05833         0.00000 
         8.33908         0.00000         0.00000         0.00000 
         0.00000         0.00000         3.12024         1.30729 
         0.00000         0.21014         0.00000         0.00000 
         0.00000         0.47921         0.00000         0.00000 
         0.00000         0.00000         0.00000         2.52834 
         0.00000         0.00000         0.00000         0.76086 
         0.00000         0.00000         0.00000         0.51100 
         4.94448         0.00000         0.00000         0.00000 
         0.00000         0.00000         2.77800         1.18540 
         0.00000         0.00000        15.31026         0.00000 
         3.09099        11.96366         0.00000         5.08650 
         0.00000         0.00000         0.00000         7.46670 
         0.00000         0.00000         0.00000         1.57002 
         8.52631         0.00000         0.00000         0.00000 
         0.00000         0.08596         0.00000         0.00000 
         0.00000         0.00000         0.72064         0.00000 
         0.00000         0.00000         0.00000        19.15680 
         0.00000         0.00000         0.00000         1.30051 
         0.00000         0.00000         0.00000         9.65041 
         0.00000         0.00000         0.00000         0.51100 
         1.26421         0.00000         0.00000         0.00000 
         0.00000         0.00000         0.20444         0.14227 
         0.00000         0.00000         0.00000         2.01858 
         2.36372         0.00000         0.00000         0.00000 
         0.00000         0.92207        16.43427        22.01249 
         0.00000        14.35835        14.26680        58.71435 
         0.47581         0.00000         0.00000         0.51100 
         0.68712         0.00000         1.74231         6.79994 
         0.00000         0.00000         3.88582         2.47341 
         0.00000         0.16478         0.08565         0.00000 
         0.29171         0.00000         0.00000         0.00000 
         0.00000         0.00000         0.00000         0.35616 
         0.00000         0.00000         0.00000         7.25084 
         0.00000         0.00000         1.25802         0.00000 
         0.00000         0.00000         0.00000        18.58116 
         0.00000         0.00000         0.00000         2.51043 
         0.00000         0.00000         3.65817         3.96057 
         0.00000         0.00000         0.00000         0.13610 
         0.00000         0.00000         0.00000         3.60813 
         0.00000         0.61197         0.00000         0.00000 
         0.00000         0.00000         3.98187         1.37094 
         0.00000         0.00000         0.00000         1.26009 
         0.00000         0.00000         2.01936         0.00000 
         0.51100        11.89960         0.00000         1.77996 
         0.00000         0.46813         0.00000         0.00000 
         0.32098         2.20111         0.00000         0.00000 
         0.00000         0.00000         0.51100         0.87056 
         0.00000         0.00000         0.45611         0.64209 
         0.00000         0.00000         0.00000         0.06860 
         0.00000         0.00000         0.15132         0.00000 
         0.11046         0.00000         0.70745         0.00000 
         0.00000         0.00000         2.23574         0.63839 
         0.00000         0.00000         0.00000         0.32494 
         0.29750         0.15183         0.00000         0.00000 
         0.00000         0.22119         0.00000         0.00000 
         0.00000         0.00000         0.00000        12.59387 
         0.00000         0.00000         0.00000        20.73592 
        14.43258         1.15841         0.00000         0.00000 
         0.50470         0.00000         0.00000         0.00000 
         0.00000         0.00000         0.00000         0.24258 
         0.00000         0.00000         0.00000         2.70017 
         0.00000         0.00000         0.00000         1.46005 
         0.66764         0.00000         0.00000         0.00000 
         0.00000         0.00000         0.00000         0.71296 
         0.00000         0.00000         0.79921         7.00684 
         0.00000         0.00000         6.17590        21.77098 
         0.00000         0.00000         0.00000         0.92884 
         0.00000         0.00000         3.36842         0.00000 
         0.00000         0.00000         1.93511         2.29723 
         1.63859         0.20642         4.43617         0.00000 
         0.00000         4.17666         0.00000         0.00000 
         0.00000         0.00000         0.00000         5.34384 
         0.00000         2.44931         0.60103         9.14556 
         0.00000         0.00000         0.06898         0.00000 
         0.00000         0.00000         0.00000         1.00210 
         0.00000         0.00000         0.00000         8.56643 
         0.00000         0.00000         0.00000         0.09016 
         0.00000         0.00000         7.82169         0.51100 
         0.26381         0.00000         0.00000         1.29890 
         0.00000         0.00000         0.00000         0.17493 
         0.00000         0.00000         0.00000         0.55946 
         0.00000         2.05617         0.00000         0.00000 
         0.00000         0.73279         4.44075         0.00000 
         0.00000         0.00000         0.00000        26.87147 
         1.81105         0.00000         0.00000        13.15167 
         0.34457        15.84942        13.31058         0.00000 
         0.00000         0.00000         0.00000         0.16293 
         0.00000         1.67851         0.46340         0.00000 
         0.00000         0.00000         0.51100         0.00000 
         0.00000         0.00000         0.00000         0.51100 
         0.00000         0.00000         0.00000         1.88950 
         0.00000         0.00000         0.00000         1.49969 
         0.00000         0.00000         0.00000         0.13469 
         0.00000         0.00000         0.00000         0.23604 
         0.05009         0.00000         0.00000         0.00000 
         0.00000         1.16264         0.98919         0.00000 
         0.00000         1.17525         0.00000         4.34279 
         0.00000         0.00000         0.24296         0.00000 
         0.00000         0.00000         1.56137         0.00000 
         0.00000         0.00000         0.00000         1.40379 
         0.00000         0.00000         0.00000         0.51100 
         0.00000         0.00000         0.00000         3.48228 
         0.00000         0.00000         0.00000         0.26652 
         0.00000         0.00000         0.00000        10.90958 
         0.11740         0.08537         0.00000         0.00000 
         0.00000         0.00000         0.00000         5.40419 
         0.00000         0.00000         0.00000         1.13499 
         0.00000         0.00000         1.36975         0.86347 
         0.00000         0.00000         0.00000         0.16022 
         0.00000         0.00000         0.00000         1.25268 
         0.00000         3.99540         2.74560        83.46731 
         0.00000         0.00000         0.00000         1.43498 
         0.00000         0.00000         0.00000        11.72101 
         0.00000         0.51100         0.00000         8.41143 
         0.00000         0.00000         0.00000         0.92683 
         0.00000         0.00000         0.00000         1.40571 
         0.00000         0.00000         0.51100         0.42839 
         0.00000         0.00000         0.00000         1.14317 
         1.55842         0.00000         0.00000         1.13576 
         0.00000         0.00000         8.20310         0.00000 
         0.00000         0.00000         1.83128         0.00000 
         0.00000         0.00000         0.12341         0.00000 
         0.00000         0.00000         2.40117         0.34451 
         0.00000         0.00000         0.00000         0.85259 
         0.00000         0.00000         2.65634        15.25009 
         0.00000         0.37616         0.00000         0.00000 
         0.00000         0.00000         0.00000         5.64387 
         0.00000         0.00000         3.63152         6.58495 
         0.00000         0.00000         0.00000        13.79254 
         0.00000         5.53051         0.00000         0.18272 
         0.31391         0.00000         0.00000         0.13031 
        16.08628         0.00000         0.00000         0.00000 
         0.00000         0.00000         0.00000         0.21840 
         0.06992         0.00000         0.00000         0.00000 
         0.00000         0.00000         0.08393         4.65131 
         0.00000         0.00000         3.01035         0.79789 
         0.00000         0.00000         0.68988         6.63816 
         0.00000         0.00000         0.00000         0.17401 
         4.65380         0.00000         2.21862         3.63593 
         0.00000         0.00000         0.02459         0.00000 
         0.00000        12.65437         0.00000         0.19753 
         0.00000         0.00000         0.00000         7.93032 
         0.00000         0.21210         0.00000         0.00000 
         0.00000         0.00000         0.00000         1.29260 
         1.00801         0.00000         0.00000         0.00000 
         0.00000         0.00000         0.00000         4.35785 
         0.00000         0.00000         0.12290         1.31163 
         0.00000         0.00000         0.00000         0.51100 
         0.00000         0.00000         0.00000         2.15719 
        32.31373         7.18941        35.02201       115.04242 
         0.20281         0.00000         0.00000         0.00000 
         0.00000         0.13619         0.00000         0.00000 
         0.00000         0.00000         3.38882         0.00000 
         0.00000         0.00000         0.00000         5.91124 
         0.00000         0.00000         0.00000         1.68134 
         0.00000         0.00000         0.00000         0.51100 
         0.00000         0.00000         0.00000         2.06990 
         0.00000         0.32688         6.29327         6.90447 
         0.00000         0.00000         0.14806         0.00000 
         0.00000         0.00000         0.00000         1.27059 
         0.00000         0.00000         0.00000         6.27981 
         0.00000         0.00000         0.00000         0.51100 
         0.00000         0.00000         0.00000        12.67834 
         0.00000         0.00000         0.00000         1.75592 
         0.00000         0.00000         7.56046         0.00000 
         0.00000         0.00000         0.00000         0.46141 
         0.00000         0.00000         0.00000         4.33479 
         0.14354         0.00000         0.00000         0.30383 
         0.00000         0.00000         0.00000         1.39286 
         0.00000         0.00000         0.00000         0.26590 
         0.66208         0.17637         0.00000         0.00000 
         0.00000         0.00000         1.75555         7.86189 
         0.51100         0.00000         0.00000         0.00000 
         0.00000        23.50201         0.00000         5.38325 
         0.00000         0.00000         0.00000         6.15467 
         0.00000         0.00000         2.94888         0.00000 
         0.00000         0.00000         0.00000         0.09083 
         0.00000         0.00000         0.00000         1.08816 
         0.00000         0.66968         0.00000         0.00000 
         0.00000         0.00000         4.30561         0.00000 
         0.00000         0.00000         0.51449         0.00000 
         0.00000         0.00000         0.00000         1.53476 
         0.40781         0.00000         0.00000         0.00000 
         0.00000         0.00000         0.26087         5.24741 
         0.00000         0.00000         0.00000         2.24716 
         0.00000         0.00000         0.65733        19.31398 
         0.45429         0.00000         0.00000         0.00000 
         0.00000         2.32042         0.00000         0.00000 
         0.14252         0.00000         0.00000         0.00000 
         0.00000         0.00000         0.00000         2.60600 
         0.00000         0.00000         2.47947         0.98027 
         0.00000         0.00000         0.00000         3.43419 
         0.00000         0.00000         0.00000         0.60676 
         0.00000         0.00000         0.00000         8.82751 
         0.00000         0.00000         0.00000         3.64120 
         1.04257         0.00000         0.00000         0.00000 
         0.00000         0.00000         0.00000         0.59008 
         0.37007         0.00000         0.00000         0.00000 
         0.00000         0.00000         0.00000         1.21554 
         0.00000         0.97333         0.00000         0.00000 
         0.00000         0.00000         3.26183         0.00000 
         0.00000         0.00000         0.00000         0.39316 
         0.00000         0.00286         0.00000         0.00000 
         0.74492         1.54542         0.00000         0.00000 
         0.00000         1.01407         0.26072         9.10591 
         0.00000         0.00000         2.71929         8.54354 
         0.00000         0.00000         0.24756         0.00000 
         0.95003         0.10924         0.00000         0.00000 
         0.00000         0.58093         1.65897         8.07318 
         0.00000         0.00000         0.00000         1.14646 
         4.38888         0.00000         0.00000         0.22157 
         0.00000         0.00000         0.99232         0.00000 
         0.00000         0.00000         0.00000         3.19236 
         0.00000         0.00000         8.91917        47.47189 
        13.01110         0.01551         5.19767         3.30281 
         0.00000         0.00000         0.00000         3.85826 
         8.18814         0.00000         0.00000         0.38083 
         0.00000         3.88305         0.50050         0.00000 
         0.00000         0.00000         0.47910         0.00000 
         0.00000        29.56977         0.58875         0.00000 
         0.00000         0.07111         0.00000         3.44232 
         0.00000         0.00000         0.00000        13.55212 
         0.00000         0.00000         0.00000         5.64912 
         0.00000         0.00000         0.40032         0.00000 
         0.00000         0.00000         9.84049         0.51100 
         0.00000         0.00000         0.00000         3.38082 
         0.00000         0.00000         0.00000         2.29921 
         0.16175         0.00000         0.00000         0.00000 
         0.00000         0.00000         0.44735         0.00000 
         8.11772         9.82646         0.00000         0.20534 
         0.54323         0.00000         0.00000         0.00000 
         0.00000         0.00000         0.00000         9.75173 
         0.00000         0.00000         3.00064        18.32807 
         0.00000         0.00000         0.87566         1.79135 
         0.00000         0.39557         1.93753         0.00000 
         3.15622         0.00000         0.00000         0.00000 
         0.00000         0.86224         0.00000         0.00000 
         0.00000         4.02059         0.00000         1.63909 
         0.00000         0.00000         0.64928         0.00000 
         0.00000         0.00000         0.97541         1.83863 
         0.00000         7.80112         1.48648         4.32258 
         0.00000         0.00000         5.66366         8.51723 
         0.00000         0.72914         0.00000         0.00000 
         0.00000         0.00000         0.00000         2.24650 
         0.00000         0.00000         0.36083         0.00000 
         0.00000         0.00000         0.00000        14.90173 
         0.00000         0.00000         0.00000         2.24485 
         0.00000         0.00000         0.00000         4.35394 
         0.00000         0.00000         0.00000         0.49071 
         0.00000         0.00000         0.00000         6.42361 
         0.22762         0.00000         0.00000         0.00000 
         0.00000         0.00000         1.23880         8.43205 
         1.43041         0.00000         0.00000         0.00000 
         0.00000         0.00000         0.00000         2.53238 
         0.00000         0.00000         1.68914         5.62686 
         0.00000         0.00000         0.00000         0.51100 
         0.00000         0.00000         2.62037         0.50839 
         0.00000         0.00000         2.87347         0.00000 
         0.00000         0.00000         0.00000         0.12811 
         2.65973         0.00000         0.00000         0.00000 
         2.16566         0.00000         0.00000         0.61220 
         0.00000         0.00000         0.00000         1.31882 
         0.00000         0.31690         0.00000         0.00000 
         0.00000         0.00000         0.18257         0.00000 
         0.00000         0.00000         0.00000         0.70824 
         0.00000         0.00000         0.00000         6.79447 
         0.00000         0.00000         0.00000         1.30226 
         0.00000         0.00000         0.22591         0.31459 
         0.00000         4.76698         1.87605         0.00000 
        22.82880         0.00000         0.00000         0.00000 
         0.00000         0.69440         0.00000         0.00000 
         0.00000         0.00000         2.52397         5.44545 
         1.60642         0.00000         0.00000         0.00000 
         0.00000         0.00000         0.00000         1.31650 
         0.78660         0.00000         0.00000         0.00000 
         0.00000         0.00000         0.00000         6.04255 
         0.00000         0.00000         0.00000         2.74342 
         0.00000         0.00000         0.00000         6.27443 
         0.00000         0.00000         3.57175         0.51100 
         0.00000         0.00000         0.00000         0.28780 
         0.00000         0.00000         0.00000         8.64828 
         0.00000         0.00000         0.00000         4.62145 
         0.00000         0.14865         0.00000         0.00000 
         0.00000         2.83154         0.00000         0.00000 
         0.00000         0.00000         0.00000         0.40464 
        40.29087        17.25705        39.92287        53.45900 
         0.00000         0.00000         0.00000         2.06428 
         0.00000         0.00000         0.00000         2.67756 
         0.00000         2.09618         0.00000         0.00000 
         0.00000         0.00000         0.00000         1.75826 
         0.00000         0.00000         0.00000        28.75523 
         0.00000         0.00000         0.52456         0.00000 
         0.00000         0.00000         0.00000         1.19509 
         0.00000         0.00000         3.53218         0.00000 
         0.00000         0.00000         0.00000         3.18988 
         0.00000         3.30628         0.00000         0.00000 
         0.00000         0.00000         0.00000         0.51100 
         0.00000         0.00000         0.00000         5.20850 
         0.00000         2.87101         0.00000         7.10264 
         0.00000         0.00000         0.00000         1.97027 
         0.00000         0.18542         2.62387         1.98562 
         0.00000         3.89002         0.00000         0.00000 
         0.09528         0.00000         6.50854         0.99695 
         0.23164         0.00000         0.00000         0.00000 
         0.00000         0.00000         2.37379         0.00000 
         0.00000         0.00000         0.00000         0.62845 
        16.93732         0.35356         0.00000         0.00000 
         0.24762         7.41974        29.31578         0.00000 
         0.51100        11.48112         0.00000         0.00000 
        10.14937         0.51100         0.30333         0.51100 
         0.00000         0.00000         0.10196         0.00000 
         0.00000         0.00000        13.25415         0.10369 
         0.00000         3.39244         9.66239         4.28965 
         0.00000         2.11791         0.58076         1.21801 
         0.00000         0.00000         5.43184         7.22944 
         0.90896         0.22158         0.00000         0.00000 
         0.00000         0.00000         0.72630         0.00000 
         0.00000         0.00000         0.00000         3.66225 
         0.00000         0.00000         2.67899         0.00000 
         0.24322         0.51100         0.00000         0.00000 
         0.11488         0.11752         0.00000         0.00000 
         0.00000         0.51100        18.43340         0.00000 
         0.00000         5.29037         0.51100         0.00000 
         0.00000         0.00000         0.00000         1.29246 
         0.00000         0.00000         0.00000         0.34488 
         0.00000         0.00000         0.00000         3.93975 
         0.00000         0.00000         2.57790         0.00000 
         0.00000         0.00000         0.00000         0.56616 
         0.00000         0.00000         0.00000         5.75258 
         0.00000         0.00000         0.00000         1.53752 
         0.00000         0.00000         0.00000         0.67065 
         0.00000         0.00000         0.51100        12.93555 
         0.61572         0.00000         0.00000         0.00000 
         5.56278         0.00000         0.00000        15.89435 
         0.31666         0.00000         0.00000         0.00000 
         0.00000         0.00000         0.64893         0.00000 
         0.00000         0.48119         0.36048         0.00000 
         0.00000         1.02234         0.38916         0.00000 
         0.00000         0.00000         0.00000         1.47685 
         0.53691         0.00000         0.00000         3.88001 
         0.00000         0.00000         0.00000         0.69711 
         0.00000         3.74261         7.79686         3.22925 
         0.12935         0.00000         0.00000         0.51100 
         0.00000         0.00000         0.00000         2.75727 
         0.00000         0.70695         5.13050         0.00000 
         0.00000         0.00000         0.66160         0.00000 
         0.00000         0.00000         0.00000         0.90956 
         0.00000         0.00000         2.09092         0.00000 
         0.00000         0.00000         0.00000         0.50881 
         0.00000         0.00000         0.00000         0.23120 
         0.00000         0.00000         0.00000         0.25994 
         0.00000         0.00000         0.00000        11.96276 
         0.00000         0.00000         1.41761         8.29626 
         0.00000         0.00000         0.00000         1.37862 
         0.15381         0.00000         0.00000         0.00000 
         0.00000         0.00000         0.00000         2.35041 
         0.00000         0.00000         0.51100         0.00000 
         0.00000         0.00000         0.00000         5.86991 
         0.00000         0.00000         2.31899         0.00000 
         0.00000         0.00000         1.66762         4.57183 
         0.00000         1.50840         0.00000         0.00000 
         0.00000         0.00000         8.49352         0.00000 
         0.00000         0.00000         0.11898         0.00000 
         0.00000         0.00000         0.00000         0.96369 
         0.00000         0.00000         0.00000         0.37100 
         0.08899         0.00000         0.00000         0.00000 
         0.00000         0.00000         1.04462         6.80302 
         0.51100         0.00000         0.00000         0.79049 
         0.00000         0.06686         0.00000         0.00000 
         0.00000         0.34920         0.00000         0.00000 
         0.00000         0.16048         1.58623         0.00000 
         0.00000         0.00000         0.00000         1.07396 
         0.00000         0.00000         0.00000         0.14416 
         0.00000         0.00000         0.00000         1.23123 
         0.00000         0.00000         0.00000         0.80987 
         0.11300         0.00000         0.00000         0.00000 
         0.00000         0.00000         1.16801         0.00000 
         0.00000         0.00000         0.00000         2.78686 
         0.00000         0.00000         0.00000         0.75032 
         0.00000         0.00000         0.00000         4.12175 
         0.52641         0.00000         0.00000         0.00000 
         0.00000         0.00000         0.00000         6.76780 
         0.00000         0.00000         1.40410         0.00000 
         0.00000         0.00000         0.00000         0.19747 
         2.05553        11.90749        19.81167         0.00000 
         0.00000         3.42060         2.73690         0.65076 
         0.00000         0.00000         1.53103         7.89040 
         0.00000         0.00000         8.45045         4.13226 
         0.00000         3.46727         0.00000         0.00000 
         0.00000         0.00000         0.00000         0.30914 
         1.07405         0.00000         0.00000         0.00000 
         3.18147         0.00000         0.00000         0.00000 
         0.00000         0.00000         0.00000         9.97144 
         0.00000         0.00000         0.00000         3.87321 
         0.00000         2.81551         0.00000         0.00000 
         0.00000         0.00000         0.00000         3.32885 
         0.00000         0.00000         0.00000         3.11377 
         0.00000         0.49761         0.00000         0.00000 
         0.00000         0.00000         0.00000         0.35042 
         0.68619         1.47775         0.00000         0.00000 
         2.69595         0.00000         8.09799        19.10855 
         0.00000         0.53455         0.00000         0.00000 
         0.66083         0.00000         0.00000         0.00000 
         0.00000         2.33493         0.00000         0.00000 
         0.00000         0.00000         2.14847         0.00000 
 