        0.00000         0.00000         0.03417         0.00000 
         0.00000         0.00000         0.00000         2.67086 
         0.00000         0.00000         0.01375         0.00000 
         0.00000         0.00000         0.35145        11.77758 
         0.00000         0.00000         0.00000         1.63979 
         0.00000         0.00000         0.00000         1.45320 
         0.00000         0.00000         0.00000         0.45976 
         0.00000         0.00000         0.00000         1.21607 
         0.00000         0.00000         0.00000         1.28801 
         0.00000         0.00000         0.00000         0.32393 
         0.08487         0.00000         0.00000         0.00000 
         0.00000         0.00000         0.00000         0.75647 
         0.00000         0.00000         0.00000         0.51100 
         0.00000         0.00000         0.00000         1.63456 
         0.00000         0.00000         0.00000        10.40236 
         0.00000         0.00000         0.00000         0.04044 
         0.00000         0.00000         0.00000         0.98994 
         0.00000         0.00000         4.75751         0.00000 
         0.00000         0.66591         0.00000         0.05204 
         0.51100         0.00000         0.00000         0.00000 
         2.43797         0.00000         0.00000         0.00000 
         0.00000         0.20240         0.00000         0.00000 
         0.00000         4.53818         0.27033         1.10727 
         0.00000         0.00000         3.19288         0.00000 
         0.00000         0.00000         1.05229        20.47638 
         0.00000         0.00000         0.00000         4.73569 
         0.00000         0.42172         0.13285         0.00000 
         2.84811         0.00000         0.00000         0.00000 
         0.00000         0.00000         2.77919         0.00000 
         0.00000         0.00000         0.00000        10.66135 
         0.00000         0.00000         0.00000         0.83104 
         0.00000         0.00000         0.00000         1.34856 
         0.00000         0.00000         0.00000        18.81070 
         0.00000         0.00000         0.00000         0.57118 
         1.54344         0.00000         0.00000         0.00000 
         0.00000         0.00000         0.00000         4.94614 
         0.51100         0.00000         0.00000         0.00000 
         0.00000         0.51100         0.00000         0.00000 
         0.00000         0.00000         0.00000         0.72438 
         0.00000         0.00000         0.06562         0.00000 
         0.00000         0.90432         0.00000         0.00000 
         0.00000         1.21001         0.00000         0.00000 
         0.00000         0.00000         0.00000         1.59214 
         0.00000         2.12378         0.00000         0.00000 
         1.04753         0.22648         0.00000         0.00000 
         0.28372         0.00000         0.00000         0.00000 
         0.00000         0.00000         0.52605         0.00000 
         0.00000         0.00000         1.22013         0.00000 
         0.04375         0.00000         0.00000         0.00000 
         0.00000         0.00000         0.00000         1.53391 
         0.00000         0.00000         0.00000         1.33674 
         0.00000         0.00000         0.00000         0.44990 
         1.19183         1.40298         0.00000         0.00000 
         0.00000         0.00000         0.00000         0.85817 
         0.00000         0.00000         0.00000         4.25967 
         0.00000         0.00000         8.15585        11.00794 
         0.00000         2.58879         0.00000         0.00000 
         0.00000         0.00000         0.00000         0.11304 
         0.00000         0.00000         0.00000         0.44022 
         0.00000         2.88899         0.00000         0.00000 
         0.00000         6.87715         6.34493        28.69369 
         1.23483         0.78955         0.00000         0.00000 
         0.20886         0.00000         0.00000         0.00000 
         0.32689         0.00000         0.00000         1.17302 
         0.00000        12.49965         0.51100         0.00000 
         0.00000         0.00000         0.00000         0.45962 
         0.00000         0.00000         0.00000         3.21671 
         0.00000         0.00000         0.44648         1.02367 
         0.00000         0.00000         3.35200         0.00000 
         0.00000         0.00000         0.05068         0.00000 
         0.00000         0.00000         3.01643         0.00000 
         0.00000         0.00000         0.00000         2.50897 
         0.00000         0.00000         0.00000         1.32819 
         0.15545         0.00000         0.00000         0.00000 
         0.00000         0.00000         1.27498         0.00000 
         0.00000         0.00000         0.20420         1.80325 
         0.51100         0.00000         0.00000         0.71178 
        19.03442         0.00000         0.00000         0.00000 
         3.05825         0.04350         0.00000         2.35517 
         0.00000         0.00000         0.00000         0.78191 
         4.70712         0.22715         0.00000         0.00000 
         0.00000         0.00000         0.00000         1.21854 
         0.81559         0.78061         0.00000         0.00000 
         0.00000         0.22633         0.00000         0.00000 
         0.51100         0.00000         0.00000         0.00000 
         0.00000         0.00000         0.00000         0.46772 
         0.00000         0.00000         0.00000         1.69236 
         0.00000         0.00000         0.00000         3.70313 
         0.00000         0.00000         0.00000         0.59383 
         0.00000         0.94714         0.00000         0.00000 
         0.00000         1.01564         0.00000         0.00000 
         0.00000         0.00000         0.00000         6.13965 
         0.00000         0.00000         0.05100         0.00000 
         0.54624         0.00000         0.00000         0.00000 
         0.00000         0.97257         0.00000         0.00000 
         0.00000         0.00000         0.00000         3.98829 
         0.00000         0.00000         0.76611         0.59859 
         0.00000         0.00000         7.08441         0.00000 
         0.75051         0.00000         0.00000         0.00000 
         0.42742         2.86069         7.69714         0.00000 
         2.28940         0.00000         8.90641         0.57078 
         0.32607         0.00000         0.15144         0.00000 
         0.00000         0.00000         0.00000         1.16769 
         0.47371         0.00000         0.00000         0.00000 
         0.00000         1.18882         9.38846         9.30595 
         0.00000         0.00000         0.00000         0.83964 
         0.00000         0.00000         0.06827         0.00000 
         0.00000         0.00000         1.61098         1.68793 
         0.00000         0.00000         0.00000         1.60455 
         0.00000         0.00000         0.93386         1.37089 
         0.00000         0.00000         0.00000         0.08053 
         0.00000         0.00000         7.79998         5.07018 
         0.00000         0.00000         0.00000         3.95228 
         0.00000         0.00000         0.00000         0.14156 
         0.00000         0.00000         0.00000         0.57352 
         0.00000         1.58252         0.00000         0.00000 
         0.00000         0.99810         0.00000         0.00000 
         0.00000         0.00000         1.42195         0.00000 
         0.00000         0.00000         0.00000         1.72481 
         0.00000         0.51342         0.00000         0.00000 
         0.00000         0.58604         7.86036         0.95475 
         0.00000         0.06191         0.00000         0.00000 
         0.00000         0.00000         0.00000         0.03285 
         0.00000         0.00000         0.00000         2.22580 
         0.00000         0.00000         0.51100         5.69339 
         0.00000         0.00000         0.00000         0.48860 
         0.00000         0.51100         7.63521         6.33503 
         0.00000         0.00000         0.00000         1.16732 
         0.00000         0.00000         0.00000         4.65807 
         0.00000         0.00000         6.17493         0.00000 
         3.97014         0.00000         0.00000         0.00000 
         0.00000         0.00000         3.48495         0.00000 
         0.00000         0.00000         0.51100         0.00000 
         0.00000         0.00000         0.00000         3.04577 
         0.00000         0.00000        10.84235         0.00000 
         0.00000         7.08172         1.98130        24.38910 
         0.00000         0.00000         0.00000         2.21714 
         0.00000         0.33577         0.00000         0.00000 
         4.42788         0.00000         0.00000         0.00000 
         0.00000         0.00000         0.00000         1.56444 
         0.59019         0.46892         0.00000         8.64650 
         0.00000         0.22803         0.00000         0.00000 
         0.00000         0.00000         0.00000         3.16249 
         0.21710         0.00000         0.00000         0.00000 
         0.00000         0.00000         0.00000         1.28358 
         0.00000         0.00000         0.00000         0.61624 
         0.00000         0.00000         0.00000         0.23493 
         0.37625         0.00000         0.00000         0.00000 
         0.10953         0.29426         0.00000         0.59694 
         0.00000         0.29997         1.02399         0.00000 
         0.00000         0.05126         0.08655         0.00000 
         0.23813         1.36573         0.00000         0.00000 
         0.00000         0.00000         0.02731         0.00000 
         0.00000         0.00000         0.17076         0.00000 
         0.00000         1.98551         3.88972        13.87952 
         0.00000         8.82330         0.00000         1.60531 
         0.00000         0.17385         0.00000         0.00000 
         0.00000         4.35214         0.00000         0.00000 
         0.00000         0.00000         0.34514        17.39361 
         0.00000         0.00000         0.00000         0.13925 
         0.00000         0.00000         0.55494         0.00000 
         0.00000         0.36893         0.00000         0.00000 
         0.00000         0.00000         0.00000         8.86305 
         0.00000         0.00000         0.00000         1.38723 
         0.00000         0.00000         0.18799         3.57305 
         0.00000         0.00000         0.15401         0.32733 
         0.00000         0.00000         1.85871         0.00000 
         0.00000         5.99384         0.00000         8.84138 
         0.00000         0.00000         9.99226         0.00000 
         0.00000         0.00000         1.34467         0.00000 
         0.51100         0.00000         0.00000         0.00000 
         0.00000         3.39999         0.00000         0.00000 
         0.00000         0.00000         0.40218        10.55323 
         0.00000         0.00000         0.22640         0.00000 
         0.00000         0.36018         0.46058         0.00000 
         0.00000         0.24257         0.00000         0.00000 
         1.51341         0.00000         0.00000         0.00000 
         0.00000         0.00000         0.00000         0.95104 
         0.00000         0.00000         1.38455         3.13795 
         0.00000         2.37158         0.00000         0.00000 
         0.00000         0.80564         0.00000         0.00000 
         0.00000         0.00000         0.00000         0.27576 
         0.00000         0.00000         0.00000         0.93649 
         4.52874         0.00000         0.76972         0.12503 
         0.00000         0.61698         0.23237         0.00000 
         0.00000         0.00000         9.12276        28.58626 
         0.36086         0.00000         0.00000         0.00000 
         0.00000         0.00000         0.00000         0.26919 
         3.79599        36.64680        64.82875        33.26088 
         0.00000         0.00000         0.30744         0.00000 
         0.00000         0.00000         0.00000         0.69316 
         0.00000         0.00000         0.51100         0.00000 
         0.00000         0.00000         0.00000         3.84727 
         0.49757         2.21257         0.51100         4.21848 
         0.00000         0.00000         1.28631         0.00000 
         0.00000         0.00000         0.00000         1.12710 
         0.00000         0.00000         0.00000         0.65218 
         0.00000         0.00000         0.00000         0.14405 
         0.00000         0.00000         0.11873         0.00000 
         0.00000         0.51100         0.00000         0.00000 
         0.00000         0.00000         1.46923         6.13935 
         0.00000         0.05453         0.00000         0.00000 
         0.00000         0.00000         2.38149        16.25722 
         0.00000         4.97780         0.00000         0.00000 
         0.00000         0.00000         1.30421         0.00000 
         0.00000         0.00000         0.00000         1.92129 
         0.00000         1.43815         0.00000         2.77100 
         0.00000         0.24580         0.00000         0.00000 
         0.00000         0.00000         0.03766         0.00000 
         0.00000         0.00000         0.00000         0.50886 
         0.00000         0.00000         0.00000         5.22008 
         1.71058         7.00768         0.00000         0.00000 
         0.00000         0.00000         0.00000         1.24063 
         0.81015         0.00000         0.00000         0.00000 
         0.00000         0.00000         0.00000         9.24998 
         0.00000         0.00000         0.00000         3.19547 
         0.00000         0.00000         0.00000         3.53307 
         0.00000         0.10328         0.00000         0.00000 
         0.00000         0.00000         0.00000         9.65365 
         0.00000         0.44252         0.00000         0.00000 
         0.00000         0.17392         0.00000         4.96157 
         0.00000         4.10196         0.00000         0.00000 
         0.00000         0.00000         0.00000         0.40552 
         0.10676         0.00000         0.00000         0.00000 
         0.00000         0.00000         4.14579         0.00000 
         1.21139         0.00000         0.00000         0.00000 
         0.00000         0.12623         0.00000         0.00000 
         4.38310        10.81812         2.78398         5.39689 
         0.00000         0.00000         0.40274         3.43391 
         0.00000         0.00000         0.76954         3.64763 
         0.00000         0.00000         0.00000         6.80557 
         0.00000         0.00000         0.63578         0.29918 
         0.00000         0.00000         0.77323        16.49310 
         0.00000         0.08261         4.25194         0.00000 
         0.00000         0.00000         0.00000         0.51100 
         0.00000         0.00000         0.00000         2.38723 
         0.00000         0.00000         0.17227         0.00000 
         8.83007         0.00000         0.00000         0.00000 
         0.00000         1.32159         0.00000         0.00000 
         0.23435         0.00000         0.00000         0.00000 
         0.00000         0.00000         0.00000        15.54813 
         0.00000         0.00000         0.00000         1.99744 
         0.24030         0.00000         0.00000         0.00000 
         0.00000         0.00000         0.00000         9.99962 
         0.00000         0.20268         0.05391         0.00000 
         0.00000         0.00000         0.00000         6.76932 
         0.47681         0.26563         0.00000         0.00000 
         0.00000         0.00000         0.00000         1.80976 
         0.00000         2.57485         1.32374         0.00000 
         0.61468         0.00000         0.00000         0.00000 
         0.00000         0.00000        11.87200         1.35403 
         0.00000         0.00000         0.00000         9.17231 
         0.00000         0.00000         0.00000         0.00171 
         0.00000         0.00000         0.00000         0.08220 
         0.03982         0.09503         0.00000         0.00000 
         0.00000         5.82558         0.00000         0.00000 
         0.00000         0.00000        11.67785         0.00000 
         0.57420         0.16954         3.71303         4.38218 
         0.00000         0.48623         0.11776         0.00000 
         0.00000         0.00000         0.00000         1.21088 
         0.00000         0.00000         0.00000         3.76513 
         0.00000         0.51100         0.30848         0.00000 
         0.00000         0.00000         0.00000         0.51100 
         0.00000         0.00000         0.00000         0.46941 
         0.00000         0.00000         0.00000         2.61103 
         0.00000         0.51100         0.00000         0.00000 
         0.00000         0.00000         0.00000         0.36459 
         0.00000         0.00000         1.17091         1.66411 
         0.00000         0.00000         1.56202         0.00000 
         0.00000         0.00000         0.47588         0.03512 
         0.00000         0.00000         0.00000         0.51100 
         0.29926         0.00000         0.00000         0.00000 
         0.00000         3.93767         0.00000         0.51100 
         0.00000         0.00000         0.00000         0.51100 
         0.00000         0.00000         0.26816         0.00000 
         0.00000         0.00000         0.00000         1.04536 
         0.00000         0.00000         0.79889         1.00161 
         0.00000         0.00000         1.15538         3.57380 
         0.00000         0.00000         0.00000         1.19669 
         0.00000         0.00000         0.44335         3.05849 
         2.60047         0.00000         0.00000         0.00000 
         0.00000         0.00000         0.00000         0.60275 
         0.37456         0.00000         0.00000         0.00000 
         0.00000         3.52582         0.00000         0.00000 
         0.00000         0.00000         0.00000         0.31089 
         0.00000         0.68213         0.00000         1.95585 
         0.00000         0.00000         0.00000         0.19876 
         0.00000         0.00000         0.00000         0.03121 
         0.00000         0.00000         0.51100         0.00000 
         0.00000         0.00000         0.18574         0.00000 
         0.00000         0.00000         0.29603         0.00000 
         0.47146         0.00000         0.00000         0.00000 
         0.00000         0.00000         0.00000         3.55440 
         0.00000         0.00000         0.00000         0.66640 
         0.00000         0.00000         0.00000         0.62158 
         0.00000         0.00000         0.00000         0.51100 
         7.06495         0.00000         5.34604        12.21595 
         0.00000         0.11636         0.00000         0.00000 
         0.00000         0.00000         0.00000         5.36279 
         0.00000         0.00000         0.10267         0.00000 
         0.00000         0.00000         3.08810        18.22873 
         0.00000         0.00000         0.00000         0.15041 
         0.00000         0.00000         0.00000         0.01843 
         0.00000         2.19109         0.00000         0.00000 
         0.00000         0.00000         0.66092         0.00000 
         0.00000         0.00000         0.41832         1.10039 
         0.00000         0.00000         0.00000         2.00109 
         0.48100         0.00000         0.00000         0.00000 
         0.00000         0.00000         0.24704         0.00000 
         0.00000         0.00000         0.00000         2.70825 
         0.00000         0.00000        29.93849         0.00000 
         0.00000         0.00000         0.62345        16.33287 
         0.00000         0.00000         0.37569         6.25679 
         0.00000         0.00000         0.00000         0.12544 
         0.00000         0.00000         0.00000         0.07284 
         0.00000         0.00000         0.00000        12.41119 
         0.00000         0.00000         0.00000         1.32651 
         0.00000         0.00000        12.07141         0.00000 
         0.00000         0.51100        23.08347         6.97897 
         0.00000         0.00000        11.26864         0.00000 
         0.00000         0.00000         0.00000         6.75692 
         0.00000         0.00000         0.00000         2.28788 
         0.00000         0.00000         0.00000         0.51100 
         0.00000         0.00000         0.00000         0.69621 
         0.00000         0.00000         0.25687         0.00000 
         0.00000         0.00000         0.00000         6.61760 
         0.00000         0.00000         0.00000         0.75273 
         0.48680         0.00000        16.03972         1.40344 
         0.00000         0.00000         0.51100         0.00000 
         0.00000         0.00000         0.00000         1.59094 
         0.00000         0.08439         0.00000         0.00000 
         0.00000         0.00000         0.00000        12.54515 
         0.00000         0.00000         0.51100         0.98897 
         0.00000         0.00000         0.00000         0.86841 
         0.00000         3.12994         7.44532         1.24891 
         0.00000         0.00000         0.51100         6.88159 
         0.00000         0.00000         0.00000         0.21167 
         0.00000         1.11810         0.00000         7.88960 
         0.00000         0.00000         2.57968         0.00000 
         0.00000         0.51100         2.02129        38.91670 
         0.00000         0.00000         0.04780         0.00000 
         0.00000         0.00000         0.00000        15.90464 
         0.00000         0.00000         1.57286         2.96306 
         0.00000         0.00000         0.00000         0.09780 
         0.00000         0.00000         0.00000         3.69380 
         4.49435         0.00000         0.00000         0.00000 
         0.00000         0.00000         0.77602         1.89143 
         0.00000         0.00000         0.00000         0.70568 
         0.00000         0.00000         0.00000         1.06787 
         0.85732        14.82920         0.00000         0.00000 
         0.20445         0.00000         0.00000         0.00000 
         0.00000         0.00000         0.00000         0.37426 
         0.00000         0.00000         2.03657         0.77767 
         0.00000         0.00000         0.00000         2.55823 
         0.00000         0.00000         0.00000         0.21690 
         0.00000         0.00000         0.32150         2.23683 
         0.00000         0.00000         0.44108         0.00000 
         0.00000         0.00000         0.00000        11.90575 
         0.00000         0.00000         0.00000         3.79111 
         0.00000         0.00000         0.14879         0.00000 
         0.00000         0.00000         3.37939         0.00000 
         0.00000         0.12646         0.00000         0.00000 
         0.00000         1.16362         0.48104        29.72688 
         0.00000         0.00000         0.00000         1.00633 
         0.00000         0.00000         0.05751         0.00000 
         2.64586         0.51032         0.00000         0.00000 
         0.00000         0.00000         0.27014         0.88365 
         0.00000         0.00000         0.00000         2.32507 
         0.00000         0.00000         0.00000         1.49440 
         0.00000         8.96495         1.86366         0.00000 
         0.42968         0.00000         0.00000         0.00000 
         0.00000         0.00000         0.32311         0.00000 
         0.00000         0.00000         0.00000         0.13684 
         0.00000         0.00000         0.78920         0.42078 
         0.00000         3.62057         0.00000         0.00000 
         0.00000         0.00000         0.54982         1.97623 
         0.00000         0.00000         0.00000         0.51100 
         0.00000         0.00000         0.12788         0.00000 
         0.00000         1.08219         0.00000         0.00000 
         0.00000         0.00000         0.00000         3.04570 
         0.00000         0.51100         5.97746         7.53478 
         0.00000         0.00000         0.00000         0.44093 
         0.00000         0.00000         0.00000        11.07459 
         0.00000         0.00000         0.00000         0.82870 
         0.00000         0.00000         0.15016         0.00000 
         0.00000         0.00000         0.51100         3.70844 
         0.00000         0.00000         0.00000         2.65275 
         0.00000         0.00000        10.08827         1.12526 
         0.00000         0.27070         9.19666         2.63041 
         0.00000         0.18046         0.00000         0.00000 
         0.00000         0.42578         5.56661         0.00000 
         0.00000         0.00000         2.77189         0.00000 
         0.00000         0.03940         0.00000         0.00000 
         0.00000         0.41393         0.00000         3.73838 
         0.00000         0.00000         0.51100         2.49715 
         0.00000         0.00000         0.00000         2.94614 
         0.00000         0.00000         0.00000         0.82180 
         0.00000         2.07429         0.03509        19.18318 
         0.00000         0.00000         1.66111         1.19816 
        13.42470         0.00000         0.06079         0.00000 
         0.00000         0.00000         0.16711         0.00000 
         0.91938         0.00000         0.00000         0.00000 
         0.00000         0.00000         0.06165         0.00000 
         0.00000         0.00000         1.45925         0.00000 
        21.11720        13.03727         0.00000         0.00000 
         0.00000         0.37282         2.43154         0.00000 
         0.00000         0.00000         4.91205         4.76830 
         0.00000         0.00000         1.01777         0.33600 
         0.00000         0.08229         0.00000         0.00000 
         0.00000        10.08658         0.00000         0.00000 
         0.00000         1.39379         0.00000         0.00000 
         0.00000         0.00000         0.00000         1.71333 
         1.42615         0.00000         0.00000         0.00000 
         0.00000         0.00000         0.00000         7.79753 
         2.11107        13.04268         0.00000         0.00000 
         0.18607         0.00000         0.00000         0.11903 
         0.00000         0.00000         0.00000        10.66908 
         0.00000         0.06683         0.06181         0.51100 
         0.00000         0.00000         1.55106         0.00000 
         2.95437         0.00000         0.00000         0.00000 
         0.00000         0.49612         0.00000         0.00000 
         0.00000         4.23969         3.87484         3.02088 
         0.00000         0.00000         1.11984         0.00000 
         0.05648         0.00000         0.15316         0.00000 
         1.16194         0.00000         0.00000         2.78745 
         0.00000         0.00000         0.00000         2.85527 
         0.00000         1.22476         0.00000         0.00000 
         0.00000         0.00000         0.00000         2.08271 
         0.00000         0.00000         0.00000         0.78210 
         0.00000         0.00000         7.34702        29.60471 
         0.67253         2.37244         0.00000         0.00000 
         0.00000         0.00000         0.00000         0.22556 
         0.00000         7.00787         1.79064         0.00000 
         0.00000         0.19612         0.00000         0.00000 
         0.00000         0.00000         1.64698         0.00000 
         0.00000         0.00000        19.29425        26.34472 
         0.00000         0.00000         0.00000         0.58725 
         0.00000         8.66910         0.53538         0.00000 
         0.00000         0.00000         0.00000         1.84151 
         0.00000         2.29512        13.53452         3.91807 
         0.00000         0.00000         0.00000         1.16634 
         0.00000         0.00000         0.00000         1.23100 
         0.00000         4.83865         0.00000         0.00000 
         0.00000         0.00000         0.00000         1.24926 
         0.00000         0.00000         0.00000         5.88304 
         0.00000         0.00000         0.00000         0.87605 
         0.00000         0.00000         0.23462         0.00000 
         0.00000         0.00000         0.00000         6.09996 
         0.14170         0.00000         0.00000         1.07886 
         0.00000         0.00000         0.40149         0.50513 
         0.00000         0.00000         0.00000         1.42686 
         0.06453         0.00000         0.74790         0.00000 
         0.00000         0.00000         0.56238         8.82208 
         0.00000         2.22555         0.98671         0.00000 
         0.00000         0.00000        11.58807         5.61881 
         0.00000         0.00000         0.00000         1.25709 
         0.00000         0.21819         0.00000         0.00000 
        14.30717         0.00000         0.00000         0.00000 
         0.89480         0.00000         0.00000         0.00000 
         1.94390         0.40327         0.00000         0.00000 
         1.65167         1.84097         0.00000         0.00000 
         0.00000         0.00000         0.00000         1.15392 
         0.27071         4.47889         0.00000         5.60718 
         0.00000         0.81440         4.20557        33.07310 
         0.00000         0.00000         0.00000         0.07531 
         0.00000         0.00000         0.46678         0.00000 
         0.00000         0.00000         0.16836         0.00000 
         0.00000         0.00000         0.00000         0.34000 
         0.00000         0.00000         0.12174        12.22321 
         0.00000         0.00000         0.00000        27.66779 
         0.00000         0.34989         0.63578        26.40361 
         0.00000         0.00000         0.00000         3.17796 
         0.00000         4.92885         1.25443         0.00000 
         0.00000         0.00000         4.02335         0.00000 
         0.00000         0.93715         0.00000         0.00000 
         0.00000         0.40834         7.44485         0.00000 
         0.00000         0.00000         2.97262         0.81097 
         0.00000         0.00000         0.00000         0.53452 
         0.00000         0.00000         0.00000         3.98896 
         0.00000         0.14116         0.00000         0.75736 
         0.36370         0.00000         0.00000         0.00000 
        10.65539         0.00000         0.00000         3.16962 
         0.14042         0.00000         0.00000         0.00000 
         2.48002         5.76665         0.00000         0.00000 
         2.45542         0.00000         0.00000         0.00000 
         0.00000         0.00000         0.72807         0.00000 
         0.00000         4.73812         1.39319        26.11237 
         0.00000         8.48244         0.00000         0.00000 
         0.00000         0.00000         0.00000         1.75258 
         1.69015         0.00000         0.00000         0.00000 
         0.00000         0.00000         0.00000         0.97134 
         0.00000         0.00000         0.34514         0.00000 
         0.00000         0.00000         0.00000         1.03521 
         1.59453         0.00000         0.00000         0.00000 
         0.00000         0.00000         6.55092         0.00000 
         0.00000         0.00000         0.00000         4.08945 
         0.24455         0.52151         1.07739         0.00000 
         0.00000         0.00000         3.08189         0.00000 
         0.00000         0.00000         0.32368         7.15113 
         0.00000         2.50524         0.00000         0.67679 
         0.00000         0.00000         0.00000         2.37167 
         0.00000         2.32806         0.00000         0.00000 
         0.00000         0.27921         0.00000         0.00000 
         0.00000         0.00000         0.00000         0.78841 
         0.00000         0.00000         0.00000         0.51100 
         1.46764         0.00000         0.00000         0.00000 
         0.00000         0.00000         1.55548        54.63115 
         0.00000         0.00000         0.00000         1.31252 
         0.00000         2.79132         0.00000         0.00000 
         0.00000         0.00000         0.47678         0.00000 
         0.00000         0.00000         0.00000         0.11656 
         0.00000         0.00000         0.16940         0.00000 
         0.00000         0.00000         5.89921         0.51100 
        12.39794         5.41920        14.58271        11.29794 
         0.00000         0.00000         0.00000         2.07117 
         0.00000         0.00000         0.25998         1.20324 
         0.00000         2.40597         0.64659         0.00000 
         0.00000         0.00000         0.15895         0.00000 
         0.14625         0.00000         0.00000         0.00000 
         0.00000         0.00000         0.22328         0.00000 
         0.00000         3.83478         0.00000         0.00000 
         2.83516         0.00000         0.00000         0.54068 
         0.00000         0.58143         0.00000         0.00000 
         0.00000         0.00000         0.25372         8.06053 
         0.00000         0.00000         8.96457         0.00000 
         0.00000         0.00000         0.35589         0.10763 
         0.00000         0.00000         0.00000         3.88472 
         0.00000         0.00000         0.00000         0.55528 
         0.00000         0.00000         0.00000         0.89984 
         0.00000         0.00000         0.66287        22.83155 
         0.00000         0.00000         0.26169         0.37900 
         0.00000         0.00000         0.00000         1.90978 
         0.22845         0.00000         2.28915         0.00000 
         0.00000         0.00000         0.00000         4.72689 
         1.97145         0.00000         0.00000         0.00000 
         0.30077         0.00000         0.00000         0.72015 
         0.00000         9.35245         2.01247         0.97493 
         0.00000         0.00000         0.00000         0.18145 
         0.00000         0.00000         4.97188         0.00000 
         0.00000         0.00000         0.00000         1.16239 
         0.00000         0.00000         0.42601        19.84561 
         0.00000         0.00000         0.00000         0.80613 
         0.00000         0.09462         2.83192         0.00000 
         0.00000         0.51100         5.13738         0.00000 
         0.00000         0.00000         0.00000         4.53547 
         0.00000         0.00000         0.84546         0.00420 
         0.00000         0.00000         8.12131         0.00000 
         0.00000         0.00000         0.00000         1.24747 
        11.86068         0.00000         0.00000         0.00000 
         0.00000         0.00000         0.00000        34.82494 
         0.00000         0.00000         0.51100         7.75492 
         0.00000         0.00000         0.00000         4.90003 
         0.00000         0.00000         0.51100         0.00000 
         0.24858         0.00000         0.96674         0.00000 
         0.00000         0.00000         0.00000         1.32708 
         0.00000         0.00000         0.00000         1.09743 
         0.51100         0.00000         0.00000         0.00000 
         0.12640         0.00000         0.00000         0.00000 
         0.00000         0.00000         0.66952         0.83006 
         0.00000         1.26298         1.37303         4.98089 
         0.29218         0.00000         0.00000         0.00000 
         0.79165         0.00000         0.00000         0.00000 
         0.00000         4.79203         2.42702         0.00000 
         0.00000         0.00000         0.40108         0.12660 
         0.00000         0.50328        37.92962         4.19574 
         0.00000         0.00000         0.00000         0.03728 
         0.00000         0.00000         0.00000         0.11428 
         0.00000         0.00000         0.00000         0.09064 
         0.00000         0.08563         0.00000         0.00000 
         0.00000         0.00000         0.00000         3.37116 
         0.00000         0.00000         0.41298         1.65308 
         0.00000         0.00000         0.00000        24.12437 
         0.00000         0.00000         0.00000         0.51100 
         0.00000         5.60040         0.00000         0.00000 
         0.00000         0.00000         2.23620         0.00000 
         3.60044        19.87016         0.00000         0.00000 
         0.00000         0.17336         0.00000         0.00000 
         0.00000         0.00000         0.00000         1.82991 
         0.98367         0.00000         0.00000         8.57135 
         0.00000         0.29735         0.00000         0.00000 
         0.69136         0.26934         0.00000         0.00000 
        10.66191        24.96911         0.00000         0.00000 
         0.00000         0.00000         0.00000         5.09004 
         0.00000         0.00000         0.89220         0.00000 
         0.00000         0.63195         0.08496         0.00000 
         0.00000         0.00000         0.00000         0.51100 
         0.00000         0.00000         0.00000         8.78142 
         0.00000         1.94779         0.00000         0.00000 
         0.00000         0.00000         0.00000         0.83623 
         0.00000         0.00000         0.00000         1.34609 
         0.00000         0.00000         0.00000         3.85869 
         0.58576         0.07997         0.00000         0.00000 
         0.00000         0.00000         0.00000         0.08783 
         0.00000         0.00000         4.27659        19.40192 
         0.09748         0.00000         4.98004         0.00000 
         0.00000         0.00000         0.00000         3.67291 
         0.59494         1.32328         0.00000         0.06357 
         0.00000         0.00000         0.00000         0.99061 
         0.00000         0.39783         0.51100         0.00000 
         0.00000         0.00000         0.00000         0.13924 
         0.00000         0.00000         0.00000         0.32880 
         3.75540         0.00000         0.00000         0.25972 
         0.00000         7.41159         2.17188         0.00000 
         0.00000         0.00000         2.25728        42.05443 
         0.89291         3.10889         0.00000         0.24617 
         0.36484        11.13734         0.51100         0.00000 
         0.00000         0.00000         0.00000         8.89296 
         0.00000         0.00000         1.26878         0.00000 
         0.00000         0.00000         0.00000         0.39074 
         0.00000         0.00000         0.93589        26.33134 
         0.00000         0.00000         0.00000        10.72092 
         0.00000         0.11961         0.00000         0.00000 
         0.00000         0.00000         0.00000         6.35950 
         0.00000         0.00000         0.00000         0.13519 
         0.00000         0.00000         0.00000         2.55713 
         0.00000         0.00000         6.13530         0.00000 
         0.00000         0.00000         0.00000         0.51100 
         0.00000         0.00000         0.00000         8.73020 
         1.83666         9.58640         0.00000         0.00000 
         0.00000         0.00000         0.08891         0.00000 
         0.00000         0.00000         2.19422         6.26230 
         0.00000         0.00000         0.00000         0.47577 
         0.00000         0.00000         2.45304         0.00000 
         0.00000         3.25277        17.07963         0.00000 
         0.00000         0.00000         0.78850         0.76306 
         0.00000         1.34989        12.83918        28.62868 
         0.00000         0.00000         1.24574         4.42615 
         0.00000         0.00000         0.00000         0.52691 
         0.00000         0.00000         0.00000         0.66495 
         0.48058         0.00000         0.00000        11.63986 
         0.00000         0.00000         0.00000         6.69775 
         0.00000         0.85790        18.93565         0.00000 
         0.00000         0.00000         0.00000         6.09867 
         0.00000        16.60653        21.22177        21.96590 
        12.99861        34.48410         0.00000         0.00000 
         0.00000         0.00000         0.00000         2.00772 
         0.00000         0.00000         0.00000         3.99111 
         0.00000         0.00000         0.00000         0.32838 
         0.00000         0.19370         0.00000         0.00000 
         0.07874         0.00000         0.00000         0.00000 
         0.83444         0.00000         0.00000         0.00000 
         0.00000         0.00000         0.00000         0.83979 
         0.51100         2.35656         0.00000         0.00000 
         0.00000         1.06609         0.00000         0.00000 
         0.38464         0.00000         0.00000         0.00000 
         0.00000         0.18890         0.00000         0.00000 
         0.00000         0.05509         0.00000         0.00000 
         0.00000         0.65388         1.58101         0.20840 
         0.00000         0.00000         0.00000         0.57082 
         0.00000         0.00000         0.00000         0.85652 
         0.00000         0.00000         0.00000         0.28476 
         3.59698         0.58185         0.00000         0.00000 
         0.00000         0.00000         3.98956        21.66587 
         0.00000         0.32617         0.00000         0.00000 
         0.00000         0.03653         0.00000         0.00000 
         0.37060         0.24111         0.00000         0.00000 
         0.00000         0.00000         0.00000         0.56587 
         0.00000         0.00000         0.48100         0.00000 
         0.32886         0.00000         0.00000         0.00000 
         0.33069         0.00000         0.00000         0.00000 
         0.00000         0.00000         0.55265         0.96899 
         0.00000         0.00000         6.08047        13.35773 
         0.00000         0.00000         1.33189        12.68284 
        17.72553         0.00000         0.00000         0.00000 
         0.00000         0.00000         0.00000         1.29140 
         0.00000         0.00000         0.00000         1.12092 
         0.00000         0.18172         0.00000         0.00000 
         0.00000         0.00000         1.03762         2.04991 
         0.33815         4.49090        12.48106        29.12536 
         0.00000         0.03778         0.28293         0.41323 
         0.00000         0.00000        11.67930         0.32532 
         0.00000         0.00000         0.00000         0.51100 
         0.00000         0.00000         0.00000         1.42677 
         0.00000         0.00000         0.00000         0.43785 
         0.17222         0.00000         0.08592         0.00000 
         0.00000         0.00000         0.24241         0.00000 
         0.51100        11.91542         0.00000         0.00000 
         5.84430         0.00000         0.00000         0.00000 
         0.00000         0.00000         1.35111         0.00000 
         0.00000         0.00000         4.03711         1.03519 
         6.77111         0.00000         0.00000         0.00000 
         0.00000         0.00000         0.00000         0.51100 
         0.00000         0.00000         0.00000         1.16653 
         0.00000         0.00000         2.48918         0.10675 
         0.00000         0.00000         0.09290         0.00000 
         0.00000         0.44520         0.00000         0.00000 
         0.00000         0.00000         1.01642        12.70904 
         0.00000         0.00000         0.00000         0.40100 
         0.00000         0.00000         0.00000         3.14594 
         0.00000         7.43583         0.51100         1.45769 
         0.00000         0.00000         0.28058         0.00000 
         3.68878         0.00000         0.00000        16.28863 
         0.00000         0.00000         2.82068         0.23606 
         0.00000         0.60728         0.00000         0.00000 
         0.00000         0.06416         4.49162         4.75518 
         0.00000         0.51100         0.00000         0.00000 
         0.00000         0.00000         0.17103         0.00000 
         0.00000         0.39247         1.78480         0.52131 
         0.62270         0.00000         0.00000         0.00000 
         0.72279         0.13334         0.00000         0.00000 
         0.00000         0.00000         1.83357         0.81225 
         0.03812         0.00000         0.91184         0.00000 
         0.00000         0.00000         0.00000         6.80391 
         0.00000         0.20361         0.00000         0.00000 
         0.00000         0.00000         0.00000         0.73463 
         0.00000         0.15384         0.00000         0.00000 
         0.00000         0.00000         0.00000         1.47882 
         0.00000         0.00000         0.00000         0.03219 
         0.24285         0.00000         0.00000         0.00000 
         0.00000         0.29840         0.00000         0.00000 
         0.00000         1.09799         0.00000         0.00000 
         0.00000         1.45085         0.00000         0.00000 
         0.00000         0.00000         3.27132         0.00000 
         0.00000         0.00000         0.57864         6.62418 
         0.00000         0.00000         2.82998         0.00000 
         0.08842         0.00000         0.00000         0.00000 
         0.00000         6.58695         0.00000         0.00000 
         0.00000         0.00000         0.00000         0.52367 
         0.00000         0.00000         0.96709         0.00000 
         0.00000         0.00000         0.00000         5.74529 
         0.00000         2.50001         0.00000         0.00000 
         0.00000         0.00000         0.00000         0.12261 
         0.08595         0.25816         0.00000         0.00000 
         0.00000         0.00000         3.74100         0.00000 
         0.00000         0.38334         0.00000         0.00000 
         0.00000         0.00000         0.00000         0.80053 
         0.00000         0.00000         3.59323         0.00000 
         0.00000         0.50265        32.09039         7.12834 
         0.00000         0.00000         0.62061         0.00000 
         0.00000         0.00000         0.00000         2.36619 
         0.00000         0.00000         0.00000        11.01913 
         0.00000         0.00000         0.00000         5.78598 
         0.00000         0.00000         0.00000         0.72988 
         0.00000         0.00000         0.00000         0.78641 
         0.00000         0.00000         0.00000         0.83986 
         0.00000         0.00000         6.88787         1.27456 
         0.00000         0.00000         0.00000        11.21502 
         0.00000         0.00000         0.51100         0.00000 
         0.00000         1.38734         0.00000         0.00000 
         0.00000         4.05639         0.00000         0.00000 
         0.00000         0.00000         0.00000         1.44074 
         0.66691         0.00000         0.00000         0.00000 
         0.00000         0.00000         2.48278         7.61606 
         0.00000         0.31525         0.00000         0.00000 
         0.00000         0.00000         0.16291         0.00000 
         0.00000         0.00000         0.00000         2.51416 
         0.00000        11.80578        43.98350         0.11392 
         0.00000        10.35156         3.50778        34.73585 
         0.00000         0.00000         3.09385         0.00000 
         0.34607         0.00000         0.00000         0.00000 
         0.00000         0.00000         0.00000         1.17146 
         0.00000         0.94859         3.06862         0.00000 
         0.00000         0.51100         0.00000         0.00000 
         0.00000         0.00000         0.00000         1.29222 
         0.00000         0.00000         0.64357         0.71593 
         0.00000         0.00000         0.00000         1.50148 
         0.00000         0.27587         5.73298         7.53698 
         0.00000         0.03409         0.00000         0.16797 
         0.00000         0.00000         0.00000         1.00043 
         0.00000         1.16096         3.36517        27.85967 
         0.00000         0.00000         0.00000         1.90475 
         0.32340         0.00000         0.00000         0.00000 
         0.00000         0.00000         0.00000         0.80674 
         0.00000         0.50932         0.00000         0.61222 
         0.00000         4.57283         0.00000         0.00000 
         0.00000         0.00000         0.00000         9.75535 
         0.74171         0.21435         0.00000         0.00000 
         0.00000         0.00000         0.43027         0.03810 
         0.32913         0.00000         0.00000         0.00000 
         0.00000         0.00000         0.00000         0.50533 
         0.00000         0.00000         0.00000        14.79286 
         2.76083         0.00000         0.00000         0.00000 
         0.05043         0.00000         0.00000         0.00000 
         0.00000         2.90582         0.25211         1.66944 
         0.00000         0.00000         0.15225         1.17429 
         0.00000         2.87348         0.18596         0.00000 
         0.59325         0.00000         0.00000         0.00000 
         0.00000         0.00000         0.69540        11.02554 
         0.23223         0.00000         0.00000         0.00000 
         0.00000         0.40828         0.00000         0.00000 
         0.00000         0.00000         0.00000         0.64969 
         0.00000         0.00000         7.41781         0.00000 
         0.00000         0.00000         0.00000         0.88251 
         0.00000         0.00000         2.24859         0.96672 
         5.10020         0.00000         0.00000         0.00000 
         0.00000         0.00000         0.00000         0.81026 
         0.28375         0.00000         0.00000         0.00000 
         0.00000         0.14363         0.00000         0.00000 
         0.00000         0.00000         0.35753         0.00000 
         0.00000         0.00000         1.78449         1.31082 
         0.00000         0.00000         0.00000         0.69134 
         0.00000         0.00000         0.00000        26.92825 
         0.00000         0.00000         0.00000         1.53922 
         0.00000         0.00000         0.00000         1.21203 
         0.43894        12.44549         0.00000         0.00000 
         0.00000         2.90496         0.00000         0.00000 
         0.00000         1.11342         0.00000         0.00000 
         0.00000         0.00000         0.28568         9.77080 
         0.00000         0.00000         0.00000         0.46949 
         0.00000         0.00000         0.51100        10.78727 
         0.00000         0.12171         0.00000         0.00000 
         0.93349         3.66589        12.00890        47.23699 
         0.00000         0.00000         0.00000         1.04344 
         0.00000         0.00000         0.84767         0.00000 
         0.00000         0.00000         3.91365         3.40546 
         0.00000         0.00000         0.00000         5.60099 
         0.00000         0.00000         0.66529         0.00000 
        33.69066         0.00000         0.10737         0.12349 
         0.00000         0.00000         0.00000         1.57382 
         0.00000         0.00000         0.00000         2.07615 
         0.00000         0.00000         0.00000         0.46260 
         0.00000         0.00000         0.00000         0.14309 
         0.51100         0.00000         0.00000         0.00000 
         0.00000         0.00000         0.00000         6.86821 
         0.00000         0.31291         0.00000         0.00000 
         0.00000         0.51100         3.32469         0.00000 
        13.19677         3.73173         0.00000         0.00000 
         0.00000         0.00000         0.00000         0.51100 
         0.49375         0.00000         0.07272         3.42831 
         0.00000         0.00000         0.52229         0.00000 
         2.26325         0.00000         0.00000         0.00000 
         0.56472         0.14593         0.00000         0.00000 
         0.00000        16.33006        14.93886        48.30431 
         0.91214         0.00000         0.00000         0.00000 
         0.00000         0.00000         0.25074         0.00000 
        16.19182         0.00000         0.00000         0.00000 
         1.88101         0.00000         0.00000         0.00000 
         0.00000         0.00000         0.26747         0.00000 
         1.59141         0.00000         0.00000         0.00000 
         0.08276         0.00000         0.00000         0.00000 
         0.00000         2.68402         0.00000         0.44248 
         0.00000         0.00000         0.00000         3.37361 
         0.00000         0.00000         0.00000         1.62078 
         0.00000         0.00000         0.00000         0.37303 
         0.00000         0.00000         0.00000         2.93416 
         0.00000         0.00000         0.00000         4.17423 
         0.00000         0.46090         0.00000         0.00000 
         0.00000         0.00000         0.00000         1.95932 
         0.51100         0.00000         0.00000         0.00000 
         0.10801         0.00000         0.00000         0.00000 
         0.00000         2.39285         0.00000         1.11928 
         0.09041         0.00000         0.00000         0.00000 
         1.03975         3.26050        11.73595        15.36964 
         0.00000         0.00000         0.00000         1.72812 
         0.00000         0.87855         2.66943        32.62154 
         0.00000         1.75386         1.20163         0.40602 
         0.23564         0.00000         0.00000         0.00000 
         2.05449         0.00000         0.00000         0.00000 
         0.00000         0.00000         0.00000         0.95912 
         0.00000         0.00000         0.00000         1.36996 
         0.00000         0.00000         0.00000         5.90663 
         0.00000         0.00000         0.00000         3.57078 
         0.00000         0.00000         0.00000         0.50628 
         0.00000         0.00000         0.00000         0.26476 
         0.00000         0.00000         0.00000         0.92258 
         0.00000         0.00000         0.00000         2.90152 
         0.00000         0.00000         2.17254         0.00000 
         0.00000         0.00000         2.46303         0.62026 
         0.00000         0.00000         0.00000         0.51100 
         1.67216         1.96975         9.44983        26.27640 
         0.00000         0.00000         2.51592        27.95200 
         8.33368         0.09338         0.00000         0.00000 
         0.00000         0.00000         0.00000         0.25086 
         0.00000         0.77353         1.23312         0.00000 
         0.00000         0.00000         0.00000         4.52861 
         0.00000         2.16626         0.29133         0.00000 
         0.00000         0.00000         0.00000         0.16310 
         0.00000         0.00000         0.00000         1.97706 
         0.00000         0.00000         0.00000         0.07494 
         5.20712         0.51100         0.00000         0.98643 
         0.20955         0.00000         0.00000         0.00000 
         0.49253         0.00000         0.00000         0.00000 
         0.00000         0.00000         0.08210        13.44852 
         0.00000         0.00000         0.00000         1.17487 
         0.00000         0.00000         2.02648         0.00000 
         0.00000         0.00000         1.57433         0.00000 
         0.00000         0.00000         2.44836         0.00000 
         0.51100         0.00000         0.00000         0.00000 
         0.00000         0.00000         0.11235         0.00000 
         0.00000         0.00000         0.00000         1.51080 
         0.27581         0.00000         0.00000         0.00000 
         0.00000         0.51100         0.00000         0.00000 
         0.00000         0.00000         0.72019         0.78945 
         0.00000         0.00000         1.25051         0.00000 
         0.10753         0.27101         0.00000         0.00000 
         0.00000         0.00000         0.00000         8.05093 
         0.00000         0.00000         0.84805         0.55873 
         0.00000         0.00000         0.00000         0.05360 
         0.28024         0.00000         0.00000         0.00000 
         0.00000         0.00000         0.51100         7.79975 
         0.00000        16.32471        30.34194        23.17811 
         0.00000         8.32521         0.00000         0.00000 
         0.00000         0.41777         0.00000         0.00000 
         0.14457         0.00000         0.00000         0.00000 
         3.30411         0.00000         0.00000         0.00000 
         0.00000         0.00000         0.00000        12.17269 
         0.00000         0.00000         0.00000         0.04558 
         0.00000         0.00000         0.00000         6.21796 
         0.27255         0.00000         0.00000         0.00000 
         0.00000         0.00000         0.00000         4.49621 
         0.00000         0.00000         0.63563         7.61776 
         0.00000         0.00000         0.00000         0.80859 
         0.00000         0.00000         0.03501         0.00000 
         0.00000         0.00000         0.00000         0.60839 
         0.28569         0.00000         0.58640         0.49679 
         0.00000         0.00000         0.00000        13.39042 
         0.31690         0.36183         0.00000         0.00000 
         0.55866         0.00000         0.00000         0.00000 
         0.00000         0.00000         0.21634         0.00000 
         0.94486         0.02711         1.28433         0.98131 
         0.00000         0.51100         0.00000         0.00000 
         0.48202         1.30152         0.00000         0.00000 
         0.00000         0.00000         0.00000         0.08247 
         0.00000         0.00000         0.97946         1.58326 
         0.00000         2.33265         0.00000         8.54013 
         0.00000         0.00000         2.30471         0.00000 
         0.00000         0.00000        10.23336        57.28843 
         0.64036         0.91361         0.28882        25.87980 
         0.00000         0.00000         0.00000         2.48678 
         0.00000         0.62190         0.00000         0.00000 
         0.00000         0.00000         0.28988         0.00000 
         0.00000         0.00000         0.00000         6.07808 
         0.00000         0.00000         0.07039         0.00000 
         0.00000         0.14792         0.00000         0.00000 
         0.82372         0.00000         0.34839         0.77362 
         0.00000         1.58593         6.06137        88.91657 
         0.00000         0.00000         1.34930         1.11201 
         0.00000         0.00000         0.00000         2.50263 
         0.00000         0.00000         0.11471         0.00000 
         0.00000         0.51100         0.17807        16.71874 
         5.41887         0.00000         0.00000         0.00000 
         0.00000         0.00000         0.00000         0.54583 
         0.67645         0.00000         0.00000         0.00000 
         0.00000         2.44940         0.00000         0.00000 
         0.00000         0.00000         0.00000        11.15345 
         0.00000         0.00000         1.52846         0.00000 
         0.00000         0.00000         0.94336        17.02777 
         2.41425         3.90493         0.06437         0.00000 
         0.00000         0.54683         0.83193         0.00000 
         0.00000         0.00000         0.00000         0.96244 
         0.00000         0.00000         0.00000         0.46529 
         1.17167         0.00000         0.00000         0.00000 
         0.00000         0.00000         0.00000         0.63331 
         0.00000         0.00000         0.20437        13.07623 
         0.00000         0.33760         0.00000         0.00000 
         4.71771         0.00000         0.00000         0.00000 
         0.00000         0.00000         8.10565         0.00000 
         3.82328        35.68298       149.15139        10.91024 
         0.00000         0.00000         2.42260         0.00000 
         0.00000         0.00000         4.32501         0.00000 
         0.56336         0.00000         0.00000         0.00000 
         0.00000         0.00000         0.00000         0.08685 
         0.00000         0.00000         0.00000         2.09738 
         0.00000         0.00000         0.00000         1.19841 
         0.00000         0.00000         0.00000        18.27662 
         0.00000         0.00000         0.00000         0.83158 
         0.00000         1.81141         3.45288        41.56816 
         0.00000         0.00000         0.08723         0.00000 
         0.00000         0.53862         0.00000         0.00000 
         0.00000         0.04694         1.34019         0.00000 
         0.00000         0.00000         1.09893         5.60632 
         0.00000         2.54852         0.00000         2.24439 
         0.00000         0.00000         0.00000         0.02796 
         0.54735         0.00000         0.00000        31.21358 
         0.00000         0.44097        11.16124         1.26780 
         0.00000         0.20542         0.47387         0.00000 
         0.00000         0.00000         0.00000         1.07538 
         0.00000         0.00000         0.00000         0.15189 
         0.00000         0.38810         0.00000         0.00000 
         0.00000         0.00000         0.00000         3.85862 
         0.00000         0.42826        22.46217         0.00000 
         0.00000         0.00000         0.44216         0.00000 
         0.00000         0.00000         3.35590         0.00000 
         0.00000         0.00000         0.39702         0.00420 
         0.00000         0.00000         0.00000         1.10775 
         0.00000         0.00000         0.07539         0.00000 
         0.30985         7.23962         0.00000         0.99961 
         0.00000         0.00000         0.14869         0.00000 
         0.00000         0.00000         0.00000         0.64079 
         1.42971         0.00000         0.00000         0.00000 
         0.20629         0.00000         0.00000         0.12489 
         0.00000         0.00000         0.00000         0.33461 
         0.00000         0.00000         0.00000         0.76027 
         0.00000         0.00000         0.00000         0.43699 
         0.00000         0.00000        14.03844         0.95567 
         0.00000         0.00000         0.00000         2.15349 
         0.00000         0.00000         0.00000         4.63747 
         0.00000         2.76152         0.00000         1.06717 
         0.00000         0.00000         0.00000         0.63059 
         0.00000         0.00000         2.55330         0.00000 
         0.17684         0.00000         0.00000         0.00000 
         0.00000         0.00000         0.00000         3.71795 
         0.00000         0.00000         0.00000         0.26549 
         0.09569         0.00000         0.00000         1.35142 
         0.00000         0.00000         5.67360        48.32360 
         0.00000         0.00000         0.45560         0.00000 
         0.00000         3.08715         0.00000         0.00000 
         0.00000         0.00000         0.32653        28.73368 
         0.00000         0.00000         4.36961         0.00000 
         0.00000         4.30127         0.00000         0.00000 
        16.17123         0.00000         0.00000         0.00000 
         0.32419         0.00000         0.00000         0.00000 
         0.00000         4.73703         0.00000         0.77477 
         3.79047         0.00000         0.00000         0.00000 
         0.00000         0.00000         0.00000         0.42233 
         0.00000         0.07195         0.00000         0.00000 
         0.22452         0.00000         0.00000         0.00000 
         0.07312         0.00000         0.00000         0.95992 
         0.45361         0.00000         0.00000         0.00000 
         0.00000         0.00000         3.24334         1.83170 
         0.00000         0.00000         0.00000         0.20570 
         0.00000         0.15096         0.00000         0.00000 
         0.00000         0.37455         0.00000         0.19526 
         0.00000         0.00000         0.00000         0.61679 
         0.00000         0.00000         1.06708         0.51100 
         0.00000         0.00000         0.00000         0.54373 
         0.00000         0.00000         0.00000        18.31053 
         0.00000         0.48068         0.00000         0.00000 
         3.95027         1.29405         0.00000         2.15216 
         0.00000         0.00000         0.00000         7.34053 
         0.00000         0.00000         0.00000         0.42652 
         0.00000         0.00000         0.00000         1.13940 
         0.00000         0.00000         0.00000         2.08486 
         0.00000         0.00000         0.00000         1.19926 
         0.00000         0.00000         0.00000         4.90015 
         0.00000         0.00000         3.22032         0.00000 
         0.00000         0.00000         0.12830         3.21255 
         0.00000         0.00000         9.07846         0.00000 
         0.00000         0.00000         0.00000         4.83313 
         0.00000         0.00000         0.00000         0.29156 
         0.72043         0.00000         0.00000         0.00000 
         0.00000         0.00000         0.00000         0.23443 
         0.00000         2.00573         0.47971         0.00000 
         0.00000         0.00000         0.00000         1.03264 
         0.00000         0.00000         0.00000         9.53644 
         0.00000         0.00000         0.00000         0.59609 
         1.09912         0.00000         0.00000         0.00000 
         0.00000         0.00000         0.00000         9.11490 
         0.00000         0.00000         1.97817         0.00000 
         0.00000         0.00000         0.00000         3.03503 
         0.00000         2.13675         0.00000         0.00000 
         0.00000         3.92557         1.28754         0.00000 
         0.12831         0.00000         0.00000         0.00000 
         0.00000         0.00000         8.49400         0.16801 
         1.08805        54.99046        56.58226        85.58941 
         0.00000         0.00000         6.66369         0.00000 
         0.00000         0.00000         0.00000         0.56118 
         0.00000         0.00000         0.00000         1.04988 
         0.00000         0.00000         0.00000        19.27643 
         0.00000         0.00000         0.00000         3.87165 
         2.70852         0.00000         0.00000         0.00939 
         0.00000         0.00000         0.00000         0.51100 
         0.00000         0.00000         0.00000         0.65609 
         0.00000         0.00000         1.53065         0.00000 
         0.00000         0.00000         0.00000         9.47468 
         1.26326         0.00000         0.00000         0.00000 
         0.51100         0.00000         0.00000         0.00000 
         0.00000         0.00000         0.00000         0.72764 
         0.00000         0.00000         0.39242         0.00000 
         0.00000         0.00000         0.27502         0.00000 
         0.00000         0.00000         0.00000         3.27142 
         0.48019         0.00000         0.00000         0.00000 
         0.00000         0.03412         0.00000         0.00000 
         0.00000         0.00000         0.38060         0.00000 
        11.44325         0.00000         0.00000         0.00000 
         0.00000         0.00000         0.32252         0.00000 
         0.00000         0.00000         0.00000         1.14127 
         0.00000         0.37783         0.00000         0.00000 
         0.00000         0.00000         0.00000         4.89875 
         0.08524         3.12818         0.00000         0.00000 
         0.26753         0.00000         0.00000         0.00000 
         0.00000         0.00000         2.70457         0.00000 
        30.10942         9.47125         0.00000         0.00000 
         0.00000         0.00000         4.31239         0.00000 
         0.00000         1.32735         5.63080         0.16927 
         0.00000         0.00000         1.32553         0.92140 
         1.75690         0.64990         0.00000         0.00000 
         0.00000         0.00000         0.00000        24.13339 
         0.00000         0.00000         5.21092         0.51100 
         0.00000         0.00000         0.00000         0.49217 
         0.00000         0.00000         0.00000         3.13421 
         0.00000         0.00000         0.00000         2.62677 
         0.00000         0.00000         0.00000         1.22119 
         0.25951         0.00000         0.00000         0.00000 
         0.00000         0.00000         0.00000         0.88873 
         2.17045         1.64499         0.00000         0.00000 
         0.00000         0.00000         0.00000         2.80218 
         0.00000         0.46010         0.00000         0.00000 
         0.00000         0.00000         0.49383         0.00000 
         0.00000         0.00000         0.00000         0.31220 
         0.00000         0.26525         0.00000         0.58860 
         2.11604         0.00000         0.00000         0.00000 
         0.00000         0.00000         0.00000         5.81982 
         0.00000         0.00000         0.00000         0.43551 
         0.00000         0.00000         0.00000         0.43830 
         0.00000         6.74580         0.00000         0.35966 
         0.00000         0.14826         0.00000         0.00000 
         0.00000         0.58577         0.00000         0.00000 
         0.00000         0.00000         1.51586         0.00000 
         0.00000         0.00000         0.00000         5.18488 
         0.69060         0.00000         0.00000         0.00000 
         0.00000         0.00000         0.00000         3.00943 
         0.00000         0.00000         0.58489         0.00000 
         0.23164         0.51100         0.00000         0.00000 
         0.35261         0.65104         0.61160        42.36987 
         0.09741         0.00000         0.00000         0.00000 
         0.00000         0.00000         1.94496         0.00000 
         0.00000         0.00000         1.52925         2.01449 
         0.00000         0.00000         1.38073         0.00000 
         0.00000         0.00000         8.55156         0.00000 
         0.00000         0.00000         0.08547         0.00000 
         0.00000         0.00000         0.00000         0.44338 
         0.00000         0.00000         0.00000         0.77612 
         0.00000         0.00000         0.55958         4.76639 
         0.00000         1.05629         0.00000         0.00000 
         0.00000         0.51100         0.00000         0.00000 
         0.00000         0.00000         0.20522         0.00000 
         0.37706         0.00000         0.00000         0.00000 
         0.04267         0.00000         0.00000         0.00000 
         0.00000         0.00000         0.93239         0.00000 
         0.00000         0.00000         0.00000         0.74111 
         0.00000         0.04038         0.00000         0.00000 
         0.25063         0.00000         0.00000         0.00000 
         0.00000         0.00000         6.31130         1.58243 
         0.00000         0.00000         0.08998         3.26924 
         0.00000         0.00000         0.00000         2.76300 
 