           9       -42.77908         2.33114     -1499.65756        -2.09255         0.16604       -45.02162        45.07052           0
          78       -33.46512        -0.92534     -1500.32030        -2.49295        -1.12912       -14.12965        13.89032          -1
         188       -34.27225         3.55038     -1500.26286        -0.12868         0.23076        -9.19868         9.20247           0
         208       -30.92996         1.46084     -1500.50068         0.03164        -1.33236      -105.24090       104.73958          -1
         238       -42.91174         0.49315     -1499.64813        -0.45034         0.04983       -12.76815        12.77619           0
         238       -41.58915         2.64031     -1499.74223        -0.01268         0.00265        -0.35986         0.36010           0
         266       -31.53564        -1.85877     -1500.45759        -0.00432         0.01027        -0.97275         0.97282           0
         285       -37.89097         5.02875     -1500.00538         0.51611        -0.11778        -0.86425         1.01349           0
         285       -42.74485         4.15182     -1499.66000         0.48961         0.09276        -1.56961         1.64681           0
         285       -44.20212         3.01057     -1499.55631         0.11492        -0.16669        -1.26215         1.27829           0
         294       -38.33038        -2.53296     -1499.97411        -1.75982        -0.17127       -44.73726        44.77219           0
         344       -35.60501        -5.77089     -1500.16803        -0.20260        -0.07230        -5.63225         5.63636           0
         347       -37.38207        -3.07793     -1500.04159        -1.76935         1.43017        -6.72023         7.09489           0
         387       -44.02273         3.13539     -1499.56907         0.85361        -0.48745        -4.26690         4.37866           0
         387       -35.89762        -1.00144     -1500.14721         0.45198        -0.36851        -1.25624         1.38500           0
         407       -36.07504         2.32759     -1500.13459         5.22788         0.12448       -28.43281        28.40322          -1
         407       -34.26973         5.21537     -1500.26304         0.12393         0.04208        -0.52980         0.54573           0
         407       -35.49602         5.86656     -1500.17579         0.06004         0.02937        -0.29943         0.30680           0
         409       -39.18332         2.91473     -1499.91342        -0.01916        -0.00053        -0.42322         0.42366           0
         415       -40.32446         1.46097     -1499.83222        -1.41849        -0.43097        -2.21278         2.66350           0
         490       -32.86797        -4.25634     -1500.36279        -0.01461         0.00292        -0.70856         0.70871           0
         492       -38.16913         5.11956     -1499.98558         0.22441         0.17308        -0.95914         1.00013           0
         492       -42.30531        -2.01431     -1499.69128        -0.05401         0.00013        -1.45130         1.45231           0
         493       -39.78481         2.53950     -1499.87062        -0.71602         0.07499       -16.88249        16.89783           0
         506       -35.62504        -7.19084     -1501.62486         0.14619         0.90666        -2.42121         2.58953           0
         528       -40.37970        -5.80351     -1499.82829        -0.04368        -0.02606        -1.23392         1.23497           0
         528       -42.35503        -4.69987     -1501.69279        -0.03218         0.02813         0.20947         0.21379           0
         528       -38.30415        -0.03861     -1499.97598        -0.17497         0.11467        -0.00646         0.04120          -1
         528       -38.31747        -0.02983     -1499.97618        -0.19133         0.06276        -0.00705         0.03829          -1
         528       -42.82830         1.96863     -1500.04654        -0.08841         0.14693        -0.09139         0.03570          -1
         528       -38.31747        -0.02983     -1499.97618         0.01643         0.05203         0.00148         0.00291          -1
         528       -38.31469        -0.02124     -1499.97523         0.01892         0.05005        -0.00326         0.00280          -1
         528       -38.31126        -0.01288     -1499.97557         0.03502         0.03780        -0.00768         0.00265          -1
         528       -38.30460        -0.00698     -1499.97735         0.03543         0.03581        -0.00973         0.00257          -1
         528       -38.29755        -0.00170     -1499.97977         0.03232         0.02777        -0.02703         0.00249          -1
         528       -38.29232         0.00451     -1499.98394         0.03144         0.02672        -0.02753         0.00240          -1
         528       -38.28686         0.01060     -1499.98798         0.02768         0.03049        -0.02597         0.00231          -1
         528       -38.28115         0.01495     -1499.99359         0.02512         0.03340        -0.02387         0.00226          -1
         528       -38.27530         0.02112     -1499.99685         0.02309         0.03621        -0.02076         0.00222          -1
         528       -38.27040         0.02686     -1500.00194         0.01964         0.03722        -0.02245         0.00222          -1
         528       -38.26661         0.03467     -1500.00468         0.01569         0.04272        -0.01385         0.00221          -1
         528       -38.26402         0.04231     -1500.00890         0.01400         0.04416        -0.01081         0.00221          -1
         528       -38.26291         0.05092     -1500.01163        -0.02068         0.03247         0.02787         0.00221          -1
         528       -38.26678         0.05592     -1500.00509        -0.02204         0.02738         0.03068         0.00213          -1
         528       -38.27225         0.06147     -1500.00040        -0.03867         0.00936         0.02438         0.00213          -1
         528       -38.28053         0.06348     -1499.99723        -0.03981         0.01364         0.02016         0.00213          -1
         528       -38.28774         0.06776     -1499.99370        -0.03191         0.01553        -0.02588         0.00188          -1
         528       -38.29286         0.07198     -1499.99986        -0.01890         0.01496        -0.03632         0.00186          -1
         528       -38.29742         0.07321     -1500.00759        -0.03029         0.00361        -0.03026         0.00180          -1
         528       -38.30368         0.07194     -1500.01400        -0.02919        -0.00007        -0.03039         0.00173          -1
         528       -38.31023         0.07391     -1500.01989        -0.02717         0.00038        -0.02999         0.00160          -1
         528       -38.31446         0.07409     -1500.02785        -0.02389         0.00010        -0.03113         0.00150          -1
         528       -38.31973         0.07644     -1500.03473        -0.02377        -0.00115        -0.02882         0.00137          -1
         528       -38.32706         0.07559     -1500.03977        -0.01479        -0.01150        -0.03235         0.00137          -1
         528       -38.32838         0.07161     -1500.04766        -0.00689        -0.03316        -0.00877         0.00120          -1
         528       -38.33533         0.06108     -1500.04949        -0.00182        -0.03143        -0.01135         0.00109          -1
         528       -38.34067         0.05115     -1500.05516        -0.00277        -0.02909        -0.01426         0.00103          -1
         528       -38.34204         0.04333     -1500.06487        -0.00288        -0.02749        -0.01129         0.00087          -1
         528       -38.34889         0.03379     -1500.06822        -0.01641        -0.00138        -0.01860         0.00060          -1
         528       -38.35125         0.03808     -1500.07831         0.00275        -0.00011        -0.01468         0.00022          -1
         556       -36.35245         4.04481     -1500.11485         0.42906        -1.11517        -2.10850         2.42353           0
         572       -32.83793        -4.96399     -1500.36492        -0.07766        -0.21535        -0.52264         0.57058           0
         582       -38.38006         1.43951     -1499.97058        -0.06081         0.04588        -0.25729         0.26833           0
         625       -37.83109        -6.71558     -1500.00964        -0.26658         0.64740        -3.14378         3.22080           0
         625       -39.88811        -3.82222     -1501.86833        -0.08869         0.07034         0.49830         0.51100           0
         625       -42.26683        -2.82697     -1499.69401        -0.08526         0.37328        -0.31525         0.49597           0
         651       -42.96871        -5.28013     -1499.75967         0.36464         0.04016        -0.35573         0.51100           0
         665       -43.03202         0.41977     -1499.63957         0.40139        -0.11375        -2.06418         2.10591           0
         665       -34.37364         3.30255     -1500.25565        -0.54201         0.12404       -17.48625        17.49509           0
         672       -37.75617         1.32285     -1500.01497        -0.24283         0.06990       -13.04540        13.04784           0
         680       -41.99357         1.71101     -1499.71346        -0.09439         0.00601        -2.52805         2.52982           0
         773       -33.85759         5.71305     -1500.29237        -0.19679         0.10759        -8.16619         8.16927           0
         773       -35.14860         5.61772     -1502.20557        -0.12210        -0.21977         0.44487         0.51100           0
         804       -40.70708        -0.65673     -1499.80500        -0.64835        -0.00844       -15.44044        15.45404           0
         814       -36.24472        -4.36199     -1500.12251        -3.31238        -2.81104        -2.50260         4.52864           1
         814       -30.46749        -1.48304     -1500.53359        -0.29947        -1.08959        -2.18547         2.46032           0
         817       -38.97949         2.31884     -1499.92792        -0.31977         0.01028        -8.90828         8.91402           0
         822       -40.05982         0.97903     -1499.85105        -0.18359         0.00977        -4.43223         4.43604           0
         853       -37.84768        -4.75732     -1500.00846         0.25630        -0.06535        -0.61642         0.67077           0
         853       -32.25900         5.01123     -1500.40612         0.24642         0.15999        -0.20400         0.35768           0
         911       -31.10048        -2.12518     -1502.49361         0.39782         0.19431         0.25515         0.51100           0
         912       -42.56189        -2.27079     -1499.67302         0.35883         0.61050        -1.27056         1.45458           0
         912       -44.73561         0.27566     -1499.51835         0.37947         0.36859        -1.85212         1.92619           0
         929       -44.90876         1.45807     -1501.51108         0.00304         0.09856         0.50140         0.51100           0
         930       -37.53229        -4.37598     -1500.03090        -1.60755         0.02360        -6.46736         6.66420           0
         936       -41.51670         6.48870     -1501.40528         0.31234         0.14208        -1.44940         1.48947           0
         938       -41.15745         4.34735     -1499.77295        -0.33848         1.27852        -3.61040         3.84502           0
         938       -41.35584         4.22558     -1499.75883        -0.09838         0.31885        -0.85571         0.91847           0
         938       -30.63330        -0.21065     -1500.52179         3.12957         4.44686       -18.21095        19.00546           0
         946       -44.59939        -1.65533     -1499.52804         8.03006         1.60114       -41.47585        42.27638           0
         956       -41.91257        -2.16367     -1501.72428        -0.32021         0.28922         0.27375         0.51100           0
         977       -40.32817        -6.59926     -1499.83196         3.49386        -3.55201       -37.95461        38.28024           0
         977       -38.32242        -6.42225     -1499.97468         1.13916        -0.70955        -8.23725         8.34586           0
         996       -37.28383        -4.87241     -1500.04858        -0.24755        -0.39432        -9.27675         9.28843           0
        1001       -31.88633         3.21472     -1500.43263        -0.19091         0.04519        -6.12710         6.13024           0
        1043       -41.53251        -1.90634     -1499.74626        -0.41781        -0.22285       -10.34674        10.35757           0
        1073       -37.67684         1.56178     -1500.02061        -0.80635        -0.17279       -27.34017        27.35260           0
        1083       -36.79113        -0.24994     -1500.08363        -0.01679        -0.00361        -0.60738         0.60762           0
        1141       -41.06845        -5.23850     -1499.77928        -0.37584        -0.08895        -8.54412         8.55285           0
        1174       -31.92397        -1.50210     -1500.42996         0.16093        -0.05348        -0.36639         0.40373           0
        1174       -37.01669         6.16144     -1500.06759         0.24190         0.09072        -0.52807         0.58788           0
        1174       -40.93211         2.68157     -1499.78898         0.88084        -0.11923        -4.22798         4.32041           0
        1184       -41.06317        -5.12292     -1499.77966        -0.16664        -0.00203        -0.03433         0.17015           0
        1207       -33.67182        -5.17281     -1500.30559         0.88027        -0.16685        -1.38710         1.65130           0
        1207       -42.45664        -3.32001     -1499.68051        -0.03964        -0.22569        -0.85255         0.88281           0
        1207       -43.99704         0.34617     -1499.57090        -1.42251        -3.23604       -17.59285        17.94447           0
        1207       -34.79142        -0.89202     -1500.22592         0.02349        -0.02674        -0.11791         0.12317           0
        1207       -44.96265         2.12844     -1501.50172         0.61392        -1.22976        -0.98315         1.68991           0
        1207       -34.40635        -5.40500     -1500.25332         1.91327        -0.98397       -19.84868        19.46048          -1
        1210       -39.82042        -0.37407     -1499.86809        -1.57944        -0.22735       -83.25285        82.75871           1
        1210       -34.81236         2.51251     -1500.22443        -0.00072         0.00027        -0.10274         0.10274           0
        1251       -44.31942         2.15128     -1499.54796        -0.08288        -0.08354        -0.49726         0.51100           0
        1251       -41.88632         1.53118     -1499.72109        -0.37018         0.28211        -0.43534         0.63730           0
        1252       -42.04008         0.20069     -1499.71015        -1.89778         0.41090       -80.60459        80.11860          -1
        1391       -43.60411         1.04273     -1499.59886        -0.49194         0.02137       -10.97149        10.98253           0
        1416       -32.44259        -0.15120     -1500.39305        -0.03778        -0.00076        -1.33408         1.33462           0
        1416       -35.81175         1.01955     -1500.15332        -0.19419        -0.00452        -5.38538         5.38888           0
        1434       -41.88633        -5.43019     -1499.72109         0.10217         0.01044        -0.87631         0.88231           0
        1441       -38.00699         0.00846     -1499.99712         0.32615        -0.53746        -1.88013         1.98246           0
        1445       -37.72656        -6.09811     -1500.01707         1.53309        -0.01213        -1.42414         2.09253           0
        1449       -41.57172         3.80484     -1499.74347        -0.01851        -0.00198        -0.68297         0.68322           0
        1478       -42.07814        -3.42434     -1499.70744        -0.24304        -0.02881        -5.40484         5.41037           0
        1512       -39.09237         1.79666     -1499.91989         1.46951         3.07751        -2.97175         4.52348           0
        1513       -35.59872         0.06139     -1500.16848        -0.23534         0.13577        -5.91386         5.92010           0
        1516       -36.70060         0.72977     -1500.09008        -1.06623        -3.29625       -18.80644        19.12287           0
        1516       -37.15141        -1.75539     -1500.05800        -0.12657        -0.48872        -0.81305         0.95704           0
        1573       -39.67919        -6.50118     -1499.87814        -0.74038        -0.16556       -17.37986        17.39641           0
        1652       -34.94117         2.92254     -1500.21527        -0.07228         0.01196        -2.18968         2.19090           0
        1729       -38.20288         4.31858     -1499.98318        -0.18011         0.08276        -6.24674         6.24989           0
        1755       -34.46037        -4.24620     -1500.24948         0.00151        -0.00189        -0.05552         0.05557           0
        1757       -44.33477         1.89954     -1499.54687        -0.19051        -0.52052        -1.57355         1.66832           0
        1759       -42.79870         2.86426     -1499.65617         0.94350        -0.05166        -3.02101         3.16534           0
        1761       -33.90339         4.09405     -1500.28911        -0.62600        -6.01875       -36.40427        36.39631           1
        1798       -33.99055         1.96962     -1500.28291        -1.24623         0.29233       -80.64443        80.65459           0
        1798       -38.82769        -1.05259     -1499.93872        -0.29165        -0.03706       -10.91625        10.92021           0
        1798       -39.15350         0.72129     -1499.91554        -0.77825        -0.10438       -23.76813        23.78110           0
        1803       -39.68941        -0.24684     -1499.87741        -0.25298        -0.00297        -6.09342         6.09867           0
        1807       -36.16340         1.67910     -1500.12830         0.45294        -0.03287        -5.76331         5.78117           0
        1807       -35.60237         6.62079     -1500.16822        -0.13964         0.07086        -3.24830         3.25207           0
        1886       -32.66576         3.11256     -1500.37717        -0.01883        -0.00395        -1.33700         1.33714           0
        1945       -31.97698         3.32000     -1500.42618         0.96913         6.98494       -11.23447        13.26431           0
        1957       -35.83081         3.61323     -1500.15197        -0.30678        -0.03373        -9.46582         9.47085           0
        1997       -38.94045        -1.95081     -1499.93070        -1.60466        -0.02949       -53.53474        53.55879           0
        1997       -35.47133        -6.48774     -1500.17754        -0.04276        -0.02156        -1.95074         1.95133           0
        1997       -40.10739        -4.96121     -1499.84767        -0.85006        -0.19593       -26.03174        26.04636           0
        2082       -39.48401         0.66118     -1499.89202         0.23878        -0.77936        -1.83325         2.00630           0
        2124       -36.01323         5.90595     -1500.13899        -0.22667        -0.05246       -11.05815        11.06060           0
        2128       -31.36862        -2.84558     -1500.46947         1.67782        -1.42766        -1.87985         2.89605           0
        2135       -38.39633        -1.37211     -1499.96942         0.26066         0.33187        -1.07764         1.15732           0
        2138       -43.93779        -4.08501     -1499.80352         0.36072         0.33683        -0.32588         0.59142           0
        2151       -40.23316         2.75257     -1499.83872        -0.04447        -0.00502        -1.42195         1.42265           0
        2156       -39.27038        -7.16605     -1499.90722         1.24195        -0.27584        -1.91820         2.30174           0
        2260       -41.12292         0.49264     -1499.77541        -0.24502         0.05703        -0.44478         0.51100           0
        2260       -31.38335        -4.03242     -1501.08346        -0.34468         0.18456        -0.32901         0.51100           0
        2274       -40.40702         3.05280     -1499.82635        -0.27620         0.05164        -6.06471         6.07121           0
        2276       -34.78029         3.44947     -1500.22672        -0.08631        -0.00630        -3.72624         3.72724           0
        2293       -37.05810         3.42619     -1500.06464        -0.05141         0.06190        -0.26257         0.27462           0
        2324       -30.77784        -1.08754     -1500.51151         0.64883         2.45195        -6.46584         6.94552           0
        2324       -39.64223        -0.66949     -1499.88077         0.63022         0.35403        -1.11177         1.32610           0
        2356       -37.43458         7.49382     -1501.31717        -0.03301        -0.71506        -0.18811         0.74013           0
        2393       -43.47593        -1.99865     -1499.60798        -0.00980        -0.68745        -0.24394         0.72951           0
        2449       -41.81366         4.75423     -1499.72626         1.16061         0.38549        -2.85874         3.10935           0
        2465       -34.20625        -3.42939     -1500.26756         2.49024        -3.96713       -16.26900        16.92984           0
        2470       -36.31027         3.84745     -1500.11785        -0.01420         0.00930        -0.70262         0.70283           0
        2500       -32.86787        -1.22860     -1500.36279         0.00029        -0.00137        -0.04585         0.04587           0
        2500       -38.14304        -3.20332     -1499.98744        -0.02608        -0.13034        -3.42787         3.43045           0
        2513       -43.82384         1.95606     -1499.58323        -0.18582         0.00969        -4.01877         4.02307           0
        2548       -37.54273        -4.56821     -1500.03016        -0.18079        -0.14567        -7.89402         7.89743           0
        2581       -30.31616         1.41006     -1500.77388        -1.84667        -1.52314        -7.55781         7.43330          -1
        2581       -34.57830         4.29597     -1502.24614         0.27617        -0.68559         0.79495         0.68874          -1
        2581       -30.32659         1.32788     -1501.13547        -3.48320        -5.98251       -35.13144        35.80699           0
        2581       -30.96949         2.25831     -1500.49787        -0.22420         0.16672        -0.50111         0.25730          -1
        2585       -33.22217        -2.04547     -1500.33758         0.53074        -0.38988        -1.25163         1.41431           0
        2585       -38.66995         7.12523     -1499.94995         0.37821         0.02053        -0.66750         0.76748           0
        2585       -40.87721        -0.36559     -1499.79289         0.27203        -0.34360        -0.66538         0.79673           0
        2585       -43.68497         2.99625     -1499.59311         2.53809        -3.38842       -12.07667        12.79724           0
        2585       -42.26661         1.77152     -1499.69403         3.67555        -3.75987        -9.80470        11.12558           0
        2607       -36.09346         0.54836     -1500.13328        -0.59933        -0.76994        -0.56844         1.12922           0
        2610       -38.21326         0.14324     -1499.98244        -0.93580         0.00525       -23.87243        23.89076           0
        2611       -36.23026        -7.26686     -1500.12354        -0.03676        -0.05131        -1.76134         1.76247           0
        2645       -41.47865        -1.69088     -1499.75010        -0.21338         0.02293        -5.67584         5.67990           0
        2676       -41.62128        -3.02936     -1499.73995        -0.09528        -0.04420        -1.90752         1.91041           0
        2683       -39.16213        -3.26053     -1499.91493         0.13941         0.10813        -1.05218         1.06687           0
        2683       -38.88551        -4.13067     -1499.93461         0.43005         0.04450        -2.58796         2.62383           0
        2683       -38.70539        -3.88869     -1499.94743         1.40261         0.20147        -7.29857         7.43485           0
        2683       -34.96440        -1.53926     -1500.21362         1.12025        -0.04744        -1.96201         2.25980           0
        2684       -34.88620        -2.63542     -1500.21918        -0.68234         0.47710        -2.85664         2.50806          -1
        2684       -37.44691        -5.31701     -1500.03697        -0.39393         0.01069        -0.98154         1.05770           0
        2721       -33.00796         5.77335     -1500.35282         0.65509         1.01387        -1.71897         2.10046           0
        2760       -36.06354         6.87807     -1500.13541        -0.12378         0.09809        -2.81568         2.82010           0
        2779       -33.80067         4.77022     -1500.29642         2.49246         1.13110        -5.35809         6.01671           0
        2790       -35.93845         0.29248     -1500.14431        -0.90720         0.01118       -25.38637        25.40257           0
        2813       -41.84794         4.22245     -1499.72382        -0.92813         0.27000       -26.05859        26.07651           0
        2815       -31.38026         0.81714     -1500.46864         0.63208        -0.13418        -0.96977         1.16533           0
        2827       -43.16817         0.30321     -1499.62988        -0.14395         0.00542        -3.41342         3.41646           0
        2827       -35.51131         5.66871     -1500.17470        -2.48821        -0.54790       -25.08042        24.70368          -1
        2827       -34.70538         3.13838     -1502.23710         0.10784        -0.15136         0.47601         0.51100           0
        2832       -37.13541        -0.22338     -1500.05914        -0.01419        -0.00126        -0.39961         0.39986           0
        2872       -41.94282        -0.15407     -1499.71707        -1.15637         0.07420       -27.43184        27.45630           0
        2873       -39.78118        -5.09890     -1499.87088         0.45745        -2.94534        -5.19931         5.99309           0
        2873       -38.24270        -3.11454     -1499.98035         0.11511        -0.46440        -0.90423         1.02301           0
        2890       -31.31426         0.71747     -1500.47334         0.78906        -0.55591        -0.37341         1.03493           0
        2918       -31.27442         3.74203     -1500.47617         1.46411        -0.10745        -2.83384         3.19152           0
        2934       -32.62966         3.52324     -1500.37974         1.02490         0.68845        -2.34559         2.65070           0
        2939       -35.09498        -5.42378     -1500.20432        -0.31177         0.20609       -22.77075        22.26855           1
        2942       -32.89274         5.13898     -1500.36102         0.26276         0.71063        -2.22913         2.35437           0
        2942       -38.48892         4.90427     -1499.96283        -0.17685         0.07724        -6.15197         6.15500           0
        3001       -35.65185         1.92414     -1500.16470        -0.55339         0.21260        -0.72084         0.55303          -1
        3068       -36.46682         2.40014     -1500.10671        -0.28320         0.02765        -7.73032         7.73555           0
        3071       -42.24555         4.47814     -1499.69553        -0.32167         0.07256        -8.12637         8.13305           0
        3091       -41.82427         3.32750     -1499.72550        -0.01602        -0.00066        -0.53928         0.53952           0
        3125       -44.23754        -2.78409     -1499.55379        -0.46250        -0.11888        -0.74913         0.51387          -1
        3125       -42.05249        -0.22430     -1499.70927        -0.29632        -0.02305        -7.47760         7.48351           0
        3139       -35.19277         6.27219     -1500.19737        -0.74758         0.16841       -32.03361        32.04277           0
        3144       -37.87988         0.88263     -1500.00617        -0.01793        -0.00064        -0.24147         0.24213           0
        3159       -34.99830         4.56688     -1500.21120        -0.43311        -0.19614        -0.52314         0.70691           0
        3160       -33.25252        -3.23814     -1500.33542        -0.26838        -0.03714        -9.34004         9.34397           0
        3187       -31.03711        -2.97570     -1500.49306        -0.69416         0.52640        -1.22272         1.50134           0
        3187       -39.53728        -4.99121     -1499.88823        -0.46844        -0.04255        -0.19968         0.51100           0
        3213       -32.74033         5.08140     -1500.37187        -0.00045        -0.00735        -1.13256         1.13259           0
        3218       -36.66266         0.94579     -1500.09278        -0.15248        -0.00383        -4.33220         4.33488           0
        3240       -42.42445        -0.11016     -1499.68280         0.26148        -0.34951        -0.50164         0.66496           0
        3242       -32.70370         5.61506     -1500.59480        -0.61478         0.31437        -1.29168         1.46466           0
        3242       -43.70696         0.13379     -1501.59660        -0.15850        -0.17184         0.17049         0.28934           0
        3242       -36.56817         6.17841     -1500.09950        -0.00046        -0.00099        -0.04973         0.04974           0
        3352       -39.96911        -5.15871     -1499.85751        -0.53271        -0.10012       -12.72966        12.74120           0
        3378       -38.78535         5.02750     -1499.94174        -0.39910         0.09079        -9.24740         9.25645           0
        3378       -37.71092         2.57064     -1502.02324         0.07068        -0.07325         0.50076         0.51100           0
        3432       -39.66724        -0.02542     -1499.87899        -0.70519        -0.00106       -17.08470        17.09924           0
        3452       -40.52770        -2.10274     -1499.81776        -0.01384         0.10002        -0.45923         0.47020           0
        3466       -38.03905         1.02197     -1499.99484        -0.05469         0.00268        -1.40858         1.40965           0
        3515       -39.55432        -4.44707     -1499.88702         0.12896        -0.16798        -0.52392         0.56510           0
        3519       -39.11203         5.67252     -1499.91849        -0.55059         0.19007       -13.49018        13.50274           0
        3548       -41.87129         4.14342     -1499.72216        -0.36562         0.51992        -1.68680         1.80258           0
        3558       -37.78692         5.90140     -1500.01278         0.15104         0.55921        -1.50399         1.61168           0
        3581       -39.63243         1.45605     -1499.88146        -0.09954        -0.03470        -2.31177         2.31418           0
        3582       -31.73224         2.81875     -1500.44360        -0.41064         0.28860       -27.44699        27.45158           0
        3641       -41.26238         5.05024     -1499.76548        -0.28751         0.05067        -6.55374         6.56024           0
        3662       -33.32096        -3.48462     -1500.33055        -0.17663        -0.05884        -6.90291         6.90542           0
        3712       -31.69