           5       -39.36940        -1.77721     -1499.90018        -0.71279        -0.80596       -28.43575        27.94969          -1
          65       -32.81005         3.67446     -1500.36691        -0.33872         0.07475       -11.27014        11.27548           0
         158       -36.24851        -6.22386     -1500.12224         0.40273        -0.87945        -2.20154         2.40466           0
         172       -39.91434         3.91746     -1499.86140         0.29444         0.49236        -3.90561         3.94752           0
         186       -38.16304         1.23720     -1499.98602        -1.73575        -0.03650       -52.08358        52.11251           0
         186       -37.20071         2.13310     -1502.05955         0.04842         0.03115         0.50775         0.51100           0
         226       -33.07486        -2.31362     -1500.34807        -0.00368        -0.00084        -0.24352         0.24355           0
         244       -31.76991         1.47210     -1500.44092        -0.38515         0.02882       -13.08959        13.09529           0
         247       -32.98686         4.08123     -1500.35433        -0.08980         0.02060        -2.56381         2.56547           0
         259       -41.75115         4.36986     -1499.73071        -3.95387         0.55808       -87.40391        87.49508           0
         282       -38.98673        -5.70401     -1499.92741        -0.39869        -0.17675       -13.30726        13.31441           0
         289       -31.11277        -2.91835     -1500.48768         1.26595         0.64544        -2.80882         3.14781           0
         301       -31.10036         2.10470     -1500.48856        -0.49722         0.03176       -20.21811        20.22425           0
         316       -34.07815         0.49509     -1500.27668         1.82942        -0.08564        -2.87313         3.40720           0
         324       -35.21154        -2.02934     -1500.19603        -0.08145         0.00544        -5.42429         5.42490           0
         346       -35.03968        -1.37035     -1500.20826        -0.06102        -0.41650        -0.28970         0.51100           0
         387       -33.99787         2.55214     -1500.28239         3.07223         2.72229       -25.20287        25.02907           1
         426       -37.11041         5.76129     -1500.06092        -0.25470        -1.04605        -2.17211         2.42429           0
         426       -41.43802         4.54666     -1499.75299        -0.47366        -0.93829        -1.10537         1.52532           0
         461       -32.70179         4.84795     -1500.37461         0.15536        -0.15914        -0.78129         0.81233           0
         491       -40.10104         2.48001     -1499.84812         0.01191        -0.07914        -0.44042         0.44763           0
         504       -35.91073         5.17934     -1500.14628        -0.76937         0.77481        -1.72834         2.04437           0
         514       -36.92686        -5.33269     -1500.07398         0.46775         0.42725        -0.82665         1.04148           0
         538       -43.56708        -2.31016     -1499.60150        -0.39771        -0.89629        -3.76339         3.88904           0
         538       -35.67601        -0.77095     -1500.16298        12.98967       -20.52107       -98.22277       100.67111           1
         538       -34.51243         0.26010     -1500.24578         0.25155        -0.26360        -1.49754         1.54123           0
         538       -35.18793         0.82291     -1500.19771         0.45232        -0.48758        -3.05488         3.12644           0
         538       -40.92826         1.77494     -1499.78926        -0.01468        -0.12637        -0.94546         0.95398           0
         538       -41.96033         1.54022     -1499.71582        -0.27393        -0.86573        -6.15937         6.22595           0
         538       -39.25355         4.68224     -1499.90842         0.09044        -0.15973        -2.95885         2.96453           0
         538       -41.90973         2.37593     -1499.71942        -0.10347        -0.20077        -1.02827         1.05278           0
         538       -33.21748         5.97551     -1501.62243        -0.00179        -0.39938        -0.97568         1.05426           0
         561       -41.28666         4.40898     -1499.76376        -4.07462         1.24945      -106.36141       106.44677           0
         627       -35.78286        -2.63281     -1500.15538        -0.09903        -0.01497        -3.28525         3.28678           0
         741       -41.08795        -5.92908     -1499.77790        -0.15580        -0.06927        -4.14078         4.14429           0
         766       -33.52893        -5.38701     -1500.31576        -0.14660         0.01823        -4.86450         4.86674           0
         811       -35.60289         6.12150     -1500.16818        -0.02259         0.01793        -0.89020         0.89067           0
         817       -45.09563        -1.45825     -1501.04257         0.25754         0.11709        -0.78852         0.83774           0
         858       -31.42330        -0.49617     -1500.46558        -0.09370        -0.00383        -3.90755         3.90867           0
         900       -39.05599        -6.13697     -1499.92248        -1.07501        -0.43320       -23.47801        23.50660           0
         929       -41.99117         5.05618     -1499.71363        -0.42219         0.07328        -9.35767         9.36747           0
         946       -38.59473         3.48729     -1499.95530        -0.12600         0.76065       -63.85523        63.35093           1
         946       -38.59580         3.49419     -1500.54220        -0.06758         0.74440       -63.85174        63.34716           1
         946       -38.59580         3.49419     -1500.54220        -0.05832         0.01342        -0.00326         0.00350          -1
         946       -38.81136         3.36001     -1500.61764        -0.01850        -0.00558         0.00586         0.00040          -1
         949       -42.64080        -0.52408     -1499.66740        -0.01337         0.00656        -0.38994         0.39022           0
        1013       -36.26811        -3.97590     -1500.12085         0.05193         0.06127        -3.20806         2.73849          -1
        1024       -37.91593        -3.09057     -1500.00360        -0.32611        -0.03929        -8.42227         8.42868           0
        1051       -41.59207        -1.87347     -1499.74203        -0.60527         0.29210       -19.23843        19.25016           0
        1105       -43.23909        -1.55250     -1499.62483        -0.04351        -0.25246        -1.11150         1.14064           0
        1105       -34.07797         2.91183     -1500.27669        -0.40031         0.02849       -11.61858        11.62551           0
        1127       -39.28264         1.70945     -1499.90635        -0.00671         0.00463        -0.33160         0.33170           0
        1207       -42.53032        -0.23273     -1499.67526        -2.89521        -0.05746       -95.63900        95.68283           0
        1212       -33.96418        -1.20244     -1500.28479        -0.02731         0.00070        -1.26058         1.26088           0
        1216       -33.34692        -3.44755     -1500.32871        -0.69173        -0.11157       -21.75251        21.76379           0
        1247       -40.31694        -0.58501     -1499.83276        -1.99389        -0.00573       -47.68785        47.72952           0
        1279       -36.21400         5.51004     -1500.12470        -1.05386         0.24391       -29.11240        29.13249           0
        1280       -43.32201         1.00846     -1499.61893        -0.42071         0.01409        -8.95005         8.95994           0
        1293       -34.56880         6.16629     -1500.24176        -0.25995         1.14682       -44.25857        44.27418           0
        1304       -42.85402         4.00653     -1499.65223        -0.19367         0.06393        -4.43060         4.43529           0
        1313       -34.74124         1.30941     -1500.22949        -0.83586         0.26461        -3.88969         3.98728           0
        1391       -37.80810         1.62709     -1500.01127        -0.07966        -0.01564        -2.66455         2.66578           0
        1414       -36.88429         4.23524     -1500.07701        -0.63897         6.86255      -135.01177       134.67754          -1
        1442       -33.27586         4.03081     -1500.33376        -0.60597         0.97141       -55.05589        55.06779           0
        1534       -35.23549         0.02557     -1500.19433         0.81332         0.44341        -2.19974         2.38683           0
        1536       -33.92425         2.32449     -1500.28763        -0.09099         0.00055        -4.11608         4.11708           0
        1598       -40.38747        -1.24328     -1499.82774        -0.44126        -0.01941       -10.38932        10.39870           0
        1601       -44.34293        -0.16358     -1499.54629        -0.46844        -0.03138        -9.08159         9.09371           0
        1640       -40.96327         0.33586     -1499.78677        -0.03633        -0.32812        -0.39005         0.51100           0
        1640       -37.32595         3.79399     -1500.04558        -0.07955        -0.03991        -0.22260         0.23973           0
        1640       -36.91917        -0.31099     -1500.07452        -0.45799        -0.56625        -1.36536         1.54745           0
        1666       -39.51926        -2.98562     -1499.88952        -0.73564        -0.07776       -19.65621        19.67012           0
        1696       -40.92261        -5.13915     -1499.78966        -0.02287        -0.00095        -0.84468         0.84499           0
        1698       -38.93582        -3.65974     -1499.93103        -0.39122        -0.05463        -7.27309         7.28381           0
        1704       -30.74016        -1.26715     -1500.51419         0.77100         1.23443       -20.84469        20.39069          -1
        1809       -39.13694         3.99173     -1499.91672        -0.01589         0.00164        -0.49832         0.49858           0
        1823       -35.86218         6.94387     -1500.14973        -0.10752         0.03174        -2.96500         2.96712           0
        1853       -40.12622        -3.08971     -1499.84633        -0.02309        -0.00115        -0.74077         0.74113           0
        1886       -38.00310        -7.49691     -1501.98430        -0.02023         0.01891         0.00722         0.02862           0
        1976       -36.02277        -4.56257     -1500.13831        -0.01208        -0.02689        -0.46541         0.46634           0
        1982       -40.36844        -0.94363     -1499.82909         0.32336        -0.73762        -2.28338         2.42125           0
        2022       -41.61940         5.08517     -1499.74008        -0.06245         0.01048        -1.33155         1.33305           0
        2035       -40.06312        -6.63059     -1499.85082         0.12271        -0.22579        -0.44168         0.51100           0
        2113       -36.97534         3.70561     -1500.07053         0.45016        -0.33844        -1.36472         1.47636           0
        2147       -34.51566         5.81444     -1500.24555        -0.65897         0.05230       -19.11518        19.12660           0
        2152       -37.88735        -3.45505     -1500.00563        -0.98353         0.62400      -156.93800       156.43215           1
        2164       -40.82639        -0.80744     -1499.79651        -0.41881        -1.69455        -5.19255         5.47809           0
        2164       -33.48779        -1.98656     -1500.31868        -0.16956         0.03676        -5.11869         5.12163           0
        2203       -38.11223         5.25255     -1499.98963        -0.46960         0.17790        -1.23119         1.32966           0
        2207       -31.92228         0.15185     -1500.43008        -0.45184        -0.26392       -13.22462        13.23497           0
        2225       -43.01213        -3.63288     -1499.64098        -0.32277        -0.07361        -7.86894         7.87591           0
        2253       -31.54511        -1.84926     -1500.45691        -0.47089        -0.61456       -43.33921        43.34612           0
        2263       -41.07696        -0.47537     -1499.77868        -0.34904        -0.00583        -8.01501         8.02261           0
        2271       -37.00724         2.07836     -1500.06826        -0.08115        -0.03616        -0.46496         0.47337           0
        2345       -37.36020         0.26693     -1500.04314        -0.64786         0.00688       -17.10252        17.11479           0
        2378       -36.18984         5.28849     -1500.12642        -0.54578         0.01795       -21.96288        21.96966           0
        2466       -36.13124         5.18995     -1500.13059         0.97170         0.10954        -2.12189         2.33637           0
        2514       -34.22046         4.19699     -1500.26655        -3.17303         0.85974      -170.03388       170.06566           0
        2651       -32.63521        -4.12760     -1500.37935         0.83432         0.51950        -0.66574         1.18709           0
        2763       -38.10596        -0.14263     -1499.99008        -0.51093        -0.00280       -13.09051        13.10047           0
        2763       -40.80015         1.19987     -1501.80343        -0.00835         0.27021         0.43363         0.51100           0
        2814       -42.77988        -2.53270     -1499.65751        -0.47958        -0.74933        -2.19514         2.36858           0
        2831       -38.56937        -4.47270     -1499.95710        -0.05414        -0.01323        -1.56537         1.56636           0
        2859       -39.80195        -0.38790     -1499.86940        -0.02437        -0.00333        -0.78666         0.78704           0
        2909       -30.36407        -0.37308     -1500.54095         5.71979        -1.83207        -4.15747         7.30459           0
        2947       -35.59905         2.45334     -1500.16846        -0.01698         0.00483        -0.83671         0.83690           0
        2986       -37.98195        -2.00671     -1499.99890        -0.01092        -0.00447        -0.69242         0.69252           0
        2986       -38.92478        -5.70964     -1501.93687        -0.03878        -0.16466         0.13575         0.21690           0
        2987       -36.18273        -6.08305     -1500.12693        -0.23034        -0.13616        -0.94199         0.97926           0
        2987       -36.45580         4.65491     -1500.10750        -0.00100         0.00061        -0.04558         0.04559           0
        3020       -37.78501        -5.58073     -1500.01292        -1.08080        -0.71053      -116.35097       115.84828           1
        3020       -36.21140        -2.47510     -1500.12489        -0.00667         0.00414        -1.17980         1.17982           0
        3020       -42.00624         2.57317     -1499.71256        -0.00756         0.00557        -0.31034         0.31048           0
        3020       -39.14832        -4.26969     -1499.91591        -0.02137        -0.00306        -1.18318         1.18338           0
        3027       -33.60187        -1.49120     -1500.31057        -0.25885        -0.01837        -8.04854         8.05273           0
        3030       -40.50485         0.78557     -1499.81939         0.19332        -0.15059        -0.60812         0.65563           0
        3030       -40.22599         4.43526     -1499.83923         4.68794        -1.37160       -14.69163        15.48231           0
        3030       -43.06983         4.21194     -1499.63688         0.16507        -0.03909        -2.00233         2.00950           0
        3030       -41.75723         4.06380     -1499.73027         2.33004        -0.98750        -9.03648         9.38415           0
        3030       -44.17475         3.38192     -1499.55826         0.26407        -0.22180        -1.65143         1.68706           0
        3030       -44.38125         3.36358     -1500.20899         0.05393        -0.08093        -0.32171         0.33609           0
        3109       -41.60822        -3.93871     -1499.74088        -0.17475        -0.01020        -5.66408         5.66678           0
        3174       -36.26442        -0.41941     -1500.12111        -0.26251        -0.00634        -7.25318         7.25793           0
        3246       -38.67007         0.30905     -1499.94994        -0.03461        -0.02347        -1.29091         1.29158           0
        3281       -38.67842         0.60696     -1499.94935         0.19479         0.45808        -0.41599         0.64871           0
        3303       -35.74217         2.56445     -1500.15827        -0.00275        -0.00098        -0.15601         0.15604           0
        3317       -40.14773        -3.24272     -1499.84480        -0.01970        -0.00713        -0.56384         0.56423           0
        3317       -36.48020         2.44650     -1500.10576        -0.05699         0.00182        -2.17256         2.17331           0
        3317       -41.14658        -3.79203     -1499.77372        -0.69792        -1.28170        -2.54777         2.93615           0
        3317       -37.59387         6.33560     -1500.02652         0.09536        -1.04548        -0.22058         1.07274           0
        3350       -40.77595         1.12260     -1499.80010        -0.10915         0.03892        -3.06104         3.06323           0
        3354       -33.63501        -1.67971     -1502.31326         0.11770        -0.34937         0.35385         0.51100           0
        3372       -35.93050         6.12364     -1500.14487        -0.04595        -0.49349        -0.12441         0.51100           0
        3387       -35.72676         7.02456     -1500.15937        -1.06154         0.38034       -31.20153        31.22190           0
        3390       -36.96853         0.61344     -1500.07101        -1.58537        -0.20584       -54.51796        54.54140           0
        3394       -40.02817         1.59442     -1499.85330        -0.26336         0.42941        -0.08582         0.51100           0
        3394       -30.38056         1.68222     -1500.87101        -0.04537        -0.40245        -0.07034         0.41107           0
        3444       -39.35709         4.29011     -1499.90106        -0.11935         0.00514        -3.41914         3.42123           0
        3445       -36.92291        -3.43147     -1500.07426        -0.05660        -0.00522        -1.55161         1.55265           0
        3457       -34.56940         3.85977     -1500.24172         0.61127         0.43092        -1.05072         1.28971           0
        3503       -32.61657        -1.50026     -1500.38067        -0.02295        -0.00112        -0.43878         0.43938           0
        3566       -38.71570         7.42355     -1499.98487         0.71181        -0.19392        -1.52305         1.69232           0
        3591       -36.28748         1.91339     -1500.11947         1.20100       -11.89357       -15.78146        19.79783           0
        3591       -39.92680         5.89485     -1499.86052        -1.03576        -3.87023        -7.06943         8.12579           0
        3606       -38.00818         6.04304     -1499.99704         0.02149         0.34645        -0.42560         0.23916          -1
        3606       -33.94019        -2.19579     -1500.28649       -11.00985         2.41982       -31.91358        33.33882          -1
        3606       -34.40838        -2.59060     -1500.25318        -0.01450         0.00152        -0.03730         0.04004           0
        3606       -34.61479        -1.12684     -1500.23849        -0.66114         0.23465        -0.36814         0.79227           0
        3606       -31.67241        -3.83334     -1500.44786        -0.60449         0.09671        -0.42290         0.74404           0
        3608       -37.23913        -6.89195     -1500.05176        -0.24940        -0.08007        -6.50072         6.50600           0
        3649       -31.20409        -3.15563     -1500.48118         0.54237         0.15196        -1.71128         1.80159           0
        3661       -37.41061         2.71588     -1500.03956         1.00463         0.71909        -6.24330         6.36436           0
        3678       -32.39074        -1.73347     -1500.39674         0.35340         0.55151        -2.01196         2.11591           0
        3692       -37.56269         3.12642     -1500.02873        -0.63973         2.67556        -4.97935         5.68874           0
        3819       -30.75309        -0.68902     -1500.51327        -0.01603        -0.01259        -0.94919         0.94941           0
        3831       -39.57320         4.43195     -1499.88568        -0.37609         0.07026        -9.06988         9.07794           0
        3847       -39.55637        -3.45865     -1499.88688        -0.14037        -0.04633        -4.59104         4.59341           0
        3884       -30.33392         0.63433     -1500.54310        -1.36662        -2.06552        -7.68893         8.07797           0
        3893       -32.53956        -0.08713     -1500.38615        -0.93778         0.12165       -40.46078        39.96405           1
        3893       -44.36974         0.68781     -1501.54944        -0.25258         0.06874         0.43886         0.51100           0
        3910       -36.14821         1.49724     -1500.12938         0.68280         0.42643        -0.34859         0.87725           0
        3946       -43.72967        -1.18778     -1499.58993        -0.44221        -0.02061        -9.23858         9.24918           0
        3963       -36.13710        -5.10626     -1500.13017        -0.12945        -0.02962        -3.75434         3.75669           0
        3982       -34.66396        -0.14667     -1500.23499        -0.04453         0.11726        -0.33972         0.36214           0
        3982       -34.53377         3.47991     -1500.24426        -0.02222         0.01250        -2.62230         2.62243           0
        3996       -38.52159        -2.75793     -1499.96051         1.32391        -2.28374        -9.86705        10.21405           0
        3996       -33.52513        -2.43900     -1500.31603         0.80976        -0.65285        -2.96240         3.13970           0
        3996       -37.28778         0.53250     -1500.04830         2.66694        -2.17406       -15.56833        15.94402           0
        3996       -40.15565        -3.54538     -1499.84423         0.05026        -0.13702        -0.54375         0.56300           0
        3996       -31.72483         3.56464     -1500.44413         0.47218        -0.08957        -1.39661         1.47699           0
        3996       -41.28594        -0.35321     -1499.76381         0.29174        -0.56198        -3.29673         3.35699           0
        3996       -43.32999         1.58062     -1499.61837        -0.00995         0.00183        -0.26692         0.26711           0
