           2       -35.73857        -4.15852     -1500.15853        -0.15275        -0.31249        -0.12411         0.36930           0
          16       -38.12272        -2.89659     -1499.98889        -0.00960         0.00920        -0.43194         0.43215           0
          42       -39.30616         3.77598     -1499.90468         0.11105         0.40994        -0.28415         0.51100           0
          74       -42.72067         4.01990     -1499.66172         0.01005        -0.25728        -0.73550         0.77927           0
          74       -42.16238        -1.40408     -1499.70145        -0.00580        -0.00056        -0.15620         0.15631           0
          74       -42.86601         2.52252     -1499.65138        -0.20955         0.03798        -5.49815         5.50227           0
          81       -39.70311         5.68396     -1499.87643        -0.50703        -0.52812        -0.82657         1.10418           0
          91       -35.48697         5.25258     -1500.17643        -3.88006        -1.56480       -10.57769        11.37502           0
         132       -41.99957        -2.73644     -1499.71303        -0.09324        -0.07469        -3.08591         3.08822           0
         221       -42.49598         3.97417     -1499.67771        -0.09311         0.00495        -0.20743         0.22742           0
         221       -32.50508         0.87784     -1500.38861        -0.05825        -0.04014        -0.42883         0.43463           0
         270       -36.83823        -0.30692     -1500.08028        -0.03385         0.00023        -2.27181         2.27206           0
         279       -35.40838         7.14602     -1500.63342        -0.16286        -0.19875        -0.96633         0.99991           0
         280       -39.19609         3.94094     -1499.91251        -0.72288         0.19222       -17.24828        17.26449           0
         302       -30.51148        -1.85889     -1502.10618        -0.13863         0.06899        -1.06306         1.07428           0
         302       -30.43763        -1.93921     -1500.77202        -1.62253         0.25965        -0.11840         1.21386          -1
         349       -38.26447         1.36689     -1499.97880        -0.07511        -0.24928        -0.28157         0.38349           0
         394       -32.93575         3.49969     -1500.35796        -3.69441         1.36994       -11.66074        11.80807           1
         394       -41.39238        -3.29978     -1499.75623         0.18660        -0.25109        -1.87019         1.89617           0
         394       -38.98689         2.04274     -1499.92740         0.30999         0.13088        -0.93775         0.99629           0
         401       -39.90524        -4.85453     -1499.86205         0.06174        -0.59927        -0.52390         0.79838           0
         401       -41.63429        -5.45524     -1499.73902         0.30613        -0.46959        -1.36793         1.47834           0
         402       -38.64544        -5.76605     -1499.95169         1.50019        -0.96761        -2.56477         3.12488           0
         429       -33.42438        -1.90613     -1500.32319        -0.09296         0.25607        -1.92890         1.94804           0
         429       -39.84632        -5.49539     -1499.86624        -0.00456        -0.00266        -0.14983         0.14993           0
         433       -34.67658         3.95850     -1500.23410         0.14704         0.22167        -7.52118         7.52588           0
         434       -36.91895        -2.49529     -1500.07454        -0.72400        -0.99056        -0.91456         1.53030           0
         485       -37.64511        -0.17539     -1500.02287        -0.39116        -0.00262       -10.21189        10.21938           0
         485       -34.84273        -2.82174     -1502.22733         0.25431        -0.16184         0.41262         0.51100           0
         525       -33.35937        -4.84034     -1500.32782        -0.16904        -0.35762       -13.17640        13.18234           0
         538       -32.02963        -2.22664     -1500.42244        -0.58229         0.28910       -45.25635        44.75290          -1
         566       -40.62534         4.86642     -1499.81081        -0.68351         0.27906       -13.56905        13.58912           0
         631       -39.30372        -0.91852     -1499.90485         0.44031         0.19666        -0.16902         0.51100           0
         631       -35.58655         0.87854     -1500.16935         0.55755        -0.00117        -0.99319         1.13899           0
         632       -41.77200         5.66995     -1499.72922        -0.08779         0.02136        -1.94269         1.94479           0
         643       -35.13323         2.29600     -1500.20160         1.44390         0.16060        -4.32326         4.56083           0
         680       -32.13875         3.20617     -1500.41467        -0.05655         0.02934        -2.59577         2.59655           0
         697       -37.34807        -5.08166     -1500.04401        -0.36293        -0.15666       -13.17717        13.18310           0
         699       -36.46324        -1.88300     -1500.10697         0.01904         0.44047        -0.25834         0.51100           0
         701       -40.26646         1.31387     -1499.83635        -0.32976         0.21734        -1.23098         1.29279           0
         726       -36.37394        -6.79580     -1500.11332        -0.65066        -0.41229        -0.65324         1.00999           0
         726       -38.03231        -1.69882     -1499.99532        -0.29499         0.02279       -12.59419        12.59767           0
         824       -34.38158         4.22025     -1500.25509        -2.19613         1.00119        -8.53564         8.87031           0
         839       -38.23596        -0.78751     -1499.98083        -0.30942        -0.00942        -7.89228         7.89835           0
         855       -39.92058         2.88768     -1499.86096         0.42179         0.04808        -0.28443         0.51100           0
         873       -40.42227         0.73462     -1499.82526        -0.07324         0.00223        -1.68810         1.68969           0
         874       -30.39239        -0.36042     -1500.53894        -0.34723         2.17783        -1.35451         2.12706          -1
         879       -37.64125         0.24363     -1500.02314         2.75276         0.33959        -0.93406         2.45996           1
         966       -38.79399         1.23943     -1499.94112        -0.05347        -0.10646        -4.33548         4.33712           0
         982       -39.93259        -6.95262     -1499.86011        -0.07301        -0.05690        -2.64607         2.64769           0
         987       -38.02270         2.79046     -1499.99600         2.39606         0.21919       -10.66950        10.43836          -1
         987       -33.88991        -1.32344     -1500.29007         3.54513         0.27532       -12.49816        12.99414           0
         987       -42.10025        -0.38088     -1499.70587         0.85197         1.20625       -22.00090        22.05041           0
        1014       -40.76302         0.73767     -1501.80607         0.05999        -0.27011         0.12307         0.30283           0
        1030       -42.46902        -1.63032     -1499.67963        -0.32581        -0.00279        -0.68933         0.76245           0
        1049       -33.13985        -5.18695     -1500.34344         0.13425        -0.13527        -0.43553         0.47540           0
        1120       -37.66974         1.52687     -1500.02112        -0.01396        -0.00196        -0.52789         0.52807           0
        1120       -40.56735         5.50884     -1499.81494         0.17427        -0.44211        -0.65161         0.80649           0
        1130       -38.92422         0.51250     -1499.93186        -1.41762        -0.13740        -0.75886         1.61382           0
        1166       -33.09863         1.50401     -1500.34637        -0.21165         0.01435        -6.93033         6.93358           0
        1171       -31.67337        -2.55287     -1500.44779        -0.68243        -0.09591       -23.42914        23.43928           0
        1217       -42.26537         3.89583     -1499.69412        -0.00078         0.00024        -0.02313         0.02315           0
        1233       -41.79534        -3.61662     -1499.72756         0.61114         0.07608        -3.51655         3.57008           0
        1258       -35.71934         2.94910     -1500.15990         0.22289        -0.30644        -0.56540         0.68063           0
        1266       -37.05596         0.65422     -1500.06479         0.23007         0.10671        -0.74368         0.78574           0
        1282       -36.80081        -1.24321     -1500.08295         0.01433        -0.46643        -0.95428         1.06227           0
        1290       -33.33531        -5.98721     -1500.32953         0.98308        -0.83750        -3.50692         3.73715           0
        1290       -30.46896         0.62487     -1500.53349         0.23948        -0.09650        -0.79519         0.83606           0
        1313       -40.67611         4.23295     -1499.80720         0.04291        -0.20083        -1.05000         1.06990           0
        1313       -34.30211         1.30450     -1500.26074        -0.00543        -0.11925        -0.28749         0.31128           0
        1327       -32.46455        -4.51781     -1500.39149         0.06075        -0.07387        -5.11691         5.11780           0
        1433       -40.85203         4.89867     -1499.79468        -0.27387         0.11514        -7.98273         7.98826           0
        1451       -35.18438         6.65649     -1500.19796        -0.03350        -0.02904        -1.63284         1.63344           0
        1472       -39.34578        -2.69725     -1499.90186        -1.80977        -0.47100       -50.63658        50.67110           0
        1497       -35.65394         3.38498     -1500.16455        -0.71784         0.10398       -20.36787        20.38078           0
        1500       -39.76489         0.81309     -1499.87204        -0.13900         0.00418        -3.33961         3.34250           0
        1520       -36.55830        -7.21602     -1500.10020         2.54835        -3.98519        -8.43956         9.67482           0
        1520       -41.07007         4.12336     -1499.77917         2.83615        -1.42941       -20.14164        20.39050           0
        1520       -33.85634         4.30766     -1502.29752         0.21113         0.06038         0.46141         0.51100           0
        1541       -31.68534        -4.36388     -1502.17137        -1.18515         1.05803        -0.68054         1.29129          -1
        1560       -42.79242        -5.48506     -1500.25889         2.01259         0.29363        -5.73350         6.08356           0
        1564       -38.86327        -3.08399     -1499.93619        -1.37711        -0.26215       -51.71304        51.73204           0
        1605       -34.39201         4.87269     -1500.25434        -0.81897         0.19083       -24.42645        24.44092           0
        1646       -40.50247        -3.01076     -1499.81956         0.30078        -0.08661        -2.52229         2.54164           0
        1646       -32.35398        -1.08518     -1500.39936         0.33599         0.64618        -0.24700         0.41235          -1
        1677       -40.57523         3.98931     -1499.81438         3.56357         2.74604        -6.42749         7.84553           0
        1686       -38.05845        -3.94155     -1499.99346         0.16278        -0.05444        -1.26831         1.27987           0
        1692       -40.26000        -0.14795     -1499.83681        -0.36446        -1.21156        -1.98874         1.90083          -1
        1720       -35.06364        -1.64355     -1500.20655        -0.11019        -0.00825        -3.20998         3.21188           0
        1751       -43.01054         0.76796     -1499.64110        -1.04015        -0.14181       -25.17210        25.19398           0
        1757       -31.40163        -2.48022     -1500.46712        -0.26376         0.50526        -1.95358         1.58720          -1
        1791       -40.14791         6.93948     -1499.84478        -0.09234         0.02310        -2.19038         2.19245           0
        1793       -42.36712         4.07398     -1499.68688        -0.44629         0.06055        -9.81623         9.82656           0
        1827       -39.43302         1.64424     -1499.89565         0.47483        -0.13692        -1.90432         1.96739           0
        1827       -35.25159         0.76250     -1500.19318        -0.04181         0.01102        -1.46191         1.46255           0
        1862       -32.29935         0.70144     -1500.40325        -0.46921         0.31229       -53.49063        52.98504           1
        1862       -40.54223        -4.75347     -1499.81673         0.74251         0.29509        -0.75150         1.09688           0
        1862       -32.11452         1.52153     -1500.41640         0.41883         0.07208        -0.78811         0.89539           0
        1867       -33.82012         5.24076     -1500.29504        -1.33085        -8.90338       -39.06053        39.57675          -1
        1867       -33.77100         5.49977     -1500.29853        -0.84601        -5.90737       -32.27053        32.81767           0
        1867       -41.23529         1.43596     -1499.76741        -0.00352        -0.00072        -0.13338         0.13343           0
        1867       -43.46034        -0.93439     -1501.61415        -0.03986        -0.04484         0.06937         0.09171           0
        1927       -33.77908         1.29968     -1500.29796        -0.78198         1.74280        -1.42194         2.38133           0
        1936       -38.29777         0.70203     -1499.97643        -0.31373         0.00996        -7.94091         7.94711           0
        1948       -40.40529        -0.43419     -1499.82647         0.05220        -0.27122        -1.08667         1.12122           0
        1956       -35.19257        -1.35986     -1500.19738         0.66477        -1.08751        -1.39356         1.88854           0
        1983       -30.97942        -2.00202     -1500.49716        -0.55702        -0.06852       -22.22468        22.23177           0
        2012       -36.01431        -1.62739     -1500.13891        -2.07648        -0.11214       -54.56107        54.60069           0
        2106       -33.42832         1.17896     -1500.32291        -0.43877         0.02454       -14.02110        14.02799           0
        2126       -44.00010         2.34529     -1499.57068        -0.54639         0.00335       -11.23354        11.24682           0
        2217       -44.65388        -0.55122     -1499.52416         0.43860         0.43307        -1.49899         1.62077           0
        2220       -31.19799         2.75127     -1500.48161        -0.14534        -0.19045        -1.81609         1.83183           0
        2236       -36.74652         0.79714     -1500.08681         0.32082        -0.25273        -0.96269         1.04574           0
        2266       -31.53875         1.32611     -1500.45737        -0.57750         0.03098        -1.83528         1.92424           0
        2289       -32.24153        -2.38536     -1500.40736        -0.00106         0.00634        -0.20105         0.20115           0
        2289       -35.48841         2.40514     -1500.17633        -0.00158         0.00522        -0.12201         0.12214           0
        2308       -40.87302         0.33157     -1499.79319        -0.27899         0.09405        -8.02520         8.03060           0
        2395       -40.04909         7.04865     -1499.85182        -0.33636        -1.49628        -3.23734         3.58223           0
        2409       -31.34367         2.21251     -1500.47125        -0.80927         0.15636       -30.95186        30.96284           0
        2434       -37.86335         3.73252     -1500.00734        -0.03733         0.72880        -0.99989         1.23787           0
        2436       -34.02454         6.53450     -1500.96899        -0.03496        -0.10408        -0.08283         0.13754           0
        2436       -37.54664        -5.25054     -1500.02988        -0.06390         0.12481        -0.28047         0.31356           0
        2436       -37.05954        -2.26473     -1500.06454         5.41887         1.09059       -45.36773        45.19508           1
        2436       -34.40323        -3.44313     -1500.25355         3.05561        -0.30271       -16.54517        16.32444          -1
        2451       -33.32118         5.80191     -1500.33054         0.48814         0.29564       -13.82854        13.84031           0
        2451       -32.76552         5.19982     -1500.37008         0.11515         0.05751        -3.05527         3.05798           0
        2596       -45.15013         1.32208     -1501.44665         0.50267        -1.42557        -1.65171         2.23899           0
        2612       -34.07581         5.66950     -1500.27684        -0.08185         0.04177        -3.62483         3.62599           0
        2623       -33.06595        -3.99273     -1500.34870         0.07385         0.18195        -1.19248         1.20854           0
        2651       -31.00231        -1.26774     -1500.49554        -0.17549        -0.01148        -6.26864         6.27111           0
        2703       -41.31164        -2.55990     -1499.76198        -0.31448        -0.05134        -8.50464         8.51060           0
        2706       -43.23848         3.32282     -1499.62488        -0.13917         0.01018        -2.60553         2.60926           0
        2780       -35.22394         5.41177     -1500.19515         0.43310         0.10116        -0.39582         0.59539           0
        2780       -43.84309         2.54939     -1499.58186         0.04141        -0.49533        -1.09827         1.20551           0
        2780       -36.24729        -0.40425     -1500.12233        -0.04090         0.00126        -1.56877         1.56930           0
        2814       -41.51095         0.57185     -1499.74780        -0.35824        -0.01254        -8.72406         8.73142           0
        2863       -31.89930         2.08673     -1500.43171        -0.00472         0.50780       -39.83830        39.84154           0
        2866       -36.45785         4.86256     -1500.10735         7.31770        -0.47302        -1.41952         7.46911           0
        2922       -35.36285         0.75474     -1500.18526        -2.98811         0.09828       -85.72221        85.77433           0
        2922       -41.06408         2.38963     -1501.78465        -0.19042         0.00986         0.21824         0.28981           0
        2926       -34.64019         4.25054     -1500.23668        -0.04229        -0.02784        -1.17794         1.17903           0
        2935       -38.26403        -3.35323     -1499.97883         0.23972         0.07778        -0.37203         0.44936           0
        2966       -36.65292        -1.34157     -1500.09347        -0.22160        -0.32232        -6.30493         5.82668          -1
        2966       -37.60331         0.73433     -1502.03090         0.95070         0.83049         3.10510         2.87963          -1
        2970       -36.67585        -4.08200     -1500.09184        -0.09684        -0.01032        -3.99686         3.99804           0
        2972       -40.13472         1.20863     -1499.84572        -0.12991         0.19978        -2.66549         2.21347           1
        2992       -35.65173        -5.35118     -1500.16471        -0.20200        -0.01214        -6.79389         6.79690           0
        2994       -34.61031        -1.08733     -1500.23881        -0.48176         0.17313       -36.85477        36.85833           0
        2999       -42.86052         2.13597     -1499.65177        -3.39149         0.80502       -80.34576        79.91196           1
        2999       -38.34752        -7.12693     -1499.97289        -0.00783        -0.00206        -0.22201         0.22216           0
        2999       -40.82074        -2.22105     -1499.79691         0.55908         2.44697        -1.40351         2.87577           0
        3003       -35.54870        -3.78335     -1500.17204        -0.04366        -0.14305        -4.22176         4.22441           0
        3048       -37.59828         1.73549     -1500.02620         1.06135        -0.93834        -5.25852         4.95893           1
        3048       -32.51777         5.34999     -1500.38770         0.75225         0.00442        -1.64800         1.81157           0
        3050       -43.85479         0.75629     -1499.58102        -0.95492         0.02147       -19.95382        19.97667           0
        3079       -40.56602         1.89611     -1499.81503        -0.69981         0.18177       -19.11758        19.13125           0
        3121       -36.91065        -1.19293     -1500.07513        -1.01304         0.12016       -34.62869        34.64372           0
        3154       -42.23906         3.23435     -1499.69599         0.50175        -0.03730        -0.37316         0.62641           0
        3276       -41.47381        -1.33727     -1499.75044        -0.18968        -0.00683        -4.31538         4.31955           0
        3312       -33.07647         2.39396     -1500.34795        -0.52517         0.06019       -17.08600        17.09417           0
        3312       -34.01450        -5.60709     -1502.28626        -0.01091        -0.32422         0.39482         0.51100           0
        3350       -33.12035         4.02398     -1500.34483        -0.44771         0.05253       -19.96408        19.96917           0
        3377       -44.05470        -1.06935     -1499.56680         2.34266        -0.13194       -12.83722        13.04989           0
        3422       -40.18265         5.64827     -1499.84231        -0.12810         0.02204        -2.97676         2.97959           0
        3429       -40.02692        -2.03633     -1499.85339        -0.32562        -0.04865        -9.20118         9.20707           0
        3545       -32.71262        -5.36745     -1500.37384        -0.23820        -0.90690      -118.64277       118.13658           1
        3545       -43.82400        -2.75353     -1499.58321        -0.82489        -0.01505       -25.51012        25.52345           0
        3581       -41.29287        -2.72996     -1499.76332        -0.03028        -0.00166        -1.06252         1.06296           0
        3615       -40.36088        -4.43193     -1499.82963         0.02972        -0.01674        -0.11742         0.12227           0
        3625       -38.19918        -7.11495     -1499.98345        -0.02959        -0.00429        -1.11871         1.11911           0
        3709       -32.52753         2.04186     -1500.38701         1.19019         0.38031        -1.52743         1.52746           1
        3709       -34.41423         0.92078     -1500.25276         0.12320         0.01996        -0.19616         0.23250           0
        3709       -40.39763        -2.34615     -1499.82702         0.65214        -0.17040        -2.24665         2.34558           0
        3740       -31.40209         3.96892     -1500.46709        -0.66503        -0.07581       -24.93116        24.94015           0
        3745       -39.04224         4.88754     -1499.92346         0.44624         0.32685        -2.14981         2.21983           0
        3762       -35.86038         6.94214     -1500.14986        -0.52811         0.15574       -14.84091        14.85112           0
        3768       -37.75137        -0.14720     -1500.01531        -0.50261        -0.00290       -13.06418        13.07385           0
        3783       -34.09163        -0.03329     -1500.27572        -0.39226        -0.00061       -11.91418        11.92063           0
        3786       -40.58332         5.97453     -1499.81380        -0.48015         0.12315       -12.17429        12.18438           0
        3823       -35.08038        -4.99773     -1500.20536         0.26235        -0.23481        -0.37025         0.51093           0
        3952       -40.46627        -5.43368     -1501.82719         0.25146         0.13729         0.08435         0.29865           0
        3980       -33.67819        -4.71985     -1500.30513         2.47974        -1.35904        -1.56182         3.23039           0
        3985       -41.50123         0.37620     -1499.74849        -1.47921        -0.16804       -36.67334        36.70354           0
