          32       -41.45753        -4.71640     -1499.75160         0.00574        -0.16352        -2.35176         2.35745           0
          32       -41.06463        -5.84117     -1499.77956        -0.08318        -0.01856        -1.93484         1.93672           0
          47       -40.95886        -0.86508     -1499.78708        -0.20691         0.00111        -4.65324         4.65784           0
          48       -44.70953         1.26299     -1499.52020         2.16263        -0.33545       -10.23732        10.46863           0
          59       -44.08811        -3.47113     -1499.56442        -0.04985         0.26434        -3.75440         3.76403           0
         133       -44.60855        -2.47100     -1499.52739        -0.34237         0.36631        -0.09860         0.51100           0
         138       -37.37262        -3.02432     -1500.04226        -1.30268        -0.07661        -2.43474         2.76239           0
         193       -34.51273         1.83735     -1500.24575        -0.31529         0.02718        -9.41694         9.42226           0
         202       -36.46370         7.38710     -1501.65037         0.76925        -2.03905        -0.04799         1.72795          -1
         240       -39.52069        -3.40661     -1499.88941        -3.58092        -0.44156       -87.00742        87.08220           0
         356       -38.77529         7.24878     -1501.94751        -0.23173        -0.06292         0.44750         0.50786           0
         374       -38.63700        -6.16609     -1499.95229        -1.08701        -0.34902       -38.71961        38.73644           0
         374       -32.56789         4.78711     -1500.38414        -0.00803         0.00966        -0.58685         0.58698           0
         379       -41.92789         2.81468     -1499.71813        -3.12209         0.92976       -79.74403        79.81054           0
         444       -34.52700         5.46071     -1500.24474        -0.94460         0.24015       -27.96896        27.98594           0
         554       -42.96477         3.09321     -1499.64435        -0.10571         0.01703        -2.80420         2.80624           0
         556       -33.17246        -1.10701     -1500.34112         1.78050         0.29523        -5.94157         5.71963           1
         559       -36.28252         2.06180     -1500.11982         1.53220        -0.62404        -3.64707         4.00477           0
         559       -37.23438         2.63845     -1500.05210         1.69186        -0.66004        -4.36968         4.73204           0
         604       -34.69751         0.83866     -1500.23261         1.15529        -0.63327        -3.12781         3.39396           0
         655       -43.17178         0.42369     -1499.62962        -0.41738         0.02643        -8.60519         8.61535           0
         655       -31.84995         1.59068     -1502.44028         0.40789         0.04347         0.30472         0.51100           0
         660       -43.21717        -0.86915     -1499.62639        -1.06246        -0.03110       -22.66299        22.68790           0
         685       -34.18860        -4.77736     -1500.26882        -5.09438         1.75036       -23.01345        23.13000          -1
         736       -39.03942         2.33766     -1499.92366        -0.20442         0.03860        -7.12833         7.13136           0
         739       -34.78025        -4.08807     -1500.22672        -0.29115        -0.06866        -9.20826         9.21312           0
         825       -42.54210        -5.44952     -1499.67443        -0.48791        -0.10031       -10.66447        10.67610           0
         825       -41.63639         5.76225     -1499.73887        -0.46687         0.09387       -10.49830        10.50910           0
         915       -36.27483        -6.13445     -1500.12037        -0.03774        -0.00683        -1.24161         1.24221           0
         972       -40.05170         4.55724     -1499.85163        -0.27663         0.04121        -6.12190         6.12829           0
        1007       -39.11589        -4.18044     -1499.91822        -0.17325        -1.72945        -4.07930         4.43416           0
        1076       -31.68625        -3.75706     -1500.44687        -0.44576        -0.15342       -16.54390        16.55061           0
        1111       -39.06326        -0.19917     -1499.92196         0.36186         0.62383        -2.32656         2.43578           0
        1178       -37.94074        -1.14203     -1500.00184         0.69488        -0.39885        -1.19471         1.43850           0
        1182       -39.87658        -5.77619     -1499.86409        -0.14205        -0.19162        -3.81225         3.81970           0
        1195       -41.83737        -1.29349     -1499.72457        -0.44469        -0.00633       -13.40377        13.41115           0
        1209       -35.46550         2.14204     -1500.17796        -0.13022         0.01205        -3.71854         3.72084           0
        1251       -35.70286         6.29499     -1500.16107        -1.35019         0.52570        -1.15334         1.41012           1
        1277       -42.42682        -5.82194     -1500.57305         1.90816        -0.28549        -3.97281         4.41654           0
        1351       -41.17507         3.63613     -1499.77170        -1.56289        -1.36285        -3.59529         4.15043           0
        1382       -35.18706        -1.50071     -1500.19777        -0.03461        -0.10721        -5.14499         5.14622           0
        1398       -33.78895         0.27160     -1500.29725        -0.06887         0.00086        -2.12017         2.12129           0
        1486       -33.99300         3.57697     -1500.28274         0.63881        -0.72584        -3.00901         2.69059          -1
        1486       -35.55611        -1.72891     -1500.17151         0.21839        -1.26218        -2.28588         2.62032           0
        1486       -41.31302        -3.57153     -1499.76188         0.55342        -0.06858        -2.92120         2.97395           0
        1603       -35.79810         5.50105     -1500.15429         0.50860        -1.08560        -4.06673         4.23975           0
        1720       -38.87842        -7.20908     -1499.93511        -0.52998        -0.63694       -23.62700        23.64152           0
        1725       -37.85918         4.16694     -1500.00764        -0.06684         0.03328        -1.21085         1.21315           0
        1727       -44.19385         0.36657     -1499.55690         1.32263         0.23771        -4.79726         4.98193           0
        1727       -44.85317        -2.37388     -1501.05134         1.50310        -0.82422        -7.81218         7.99805           0
        1748       -38.33092        -0.02428     -1499.97407        -0.07905         0.00006        -2.00804         2.00959           0
        1751       -41.44920        -2.17243     -1499.75219        -0.19567        -0.01467        -4.43264         4.43698           0
        1755       -33.04856        -2.26454     -1500.34994        -0.33360        -0.05454       -11.21712        11.22221           0
        1857       -33.28506        -3.58969     -1500.33311         2.14499        -3.93609       -13.61795        14.33675           0
        1917       -35.34228        -6.29532     -1500.18673        -0.18105        -0.06339        -4.65467         4.65863           0
        1924       -39.12067        -2.06688     -1499.91788        -0.01807        -0.00348        -0.71761         0.71785           0
        1934       -40.33410        -3.69684     -1499.83154        -0.60256        -0.08331       -14.17426        14.18730           0
        1947       -31.32551         3.82394     -1500.47254        -0.36439         0.04281       -14.70897        14.71355           0
        1951       -30.79812        -1.04331     -1500.51007        -0.44557         0.11608       -37.45848        37.46131           0
        2008       -33.18339        -3.57888     -1500.34034        -0.34159        -0.05869       -10.87903        10.88455           0
        2037       -32.00028        -3.62871     -1500.42453        -0.22007        -0.04249        -7.38238         7.38578           0
        2061       -33.65129         2.98946     -1500.30705        -0.06945        -0.05641        -3.24551         3.24674           0
        2061       -37.73943        -1.72261     -1500.01616        -0.35475        -0.06697       -12.67513        12.68027           0
        2079       -34.54641        -1.16091     -1500.24336        -0.16396        -0.00851        -4.87666         4.87943           0
        2101       -38.53058        -5.00763     -1499.95987        -0.90257         0.12827        -3.48403         3.60133           0
        2202       -34.40545         3.79988     -1500.25339        -0.51218         2.34516        -4.17524         4.81609           0
        2210       -34.72847         2.83507     -1500.23040        -0.08894        -0.04531        -8.83882         8.83938           0
        2240       -33.90296         5.54737     -1500.28914        -0.18353        -0.25804        -0.65652         0.72889           0
        2246       -35.71813        -6.44592     -1500.15998        -0.80036        -0.70082       -36.65062        36.66606           0
        2246       -33.87692        -6.08974     -1500.29099         0.15138         0.32717        -2.73376         2.75743           0
        2285       -40.18077        -1.31172     -1499.84245        -0.17054         0.96283        -1.64608         1.91461           0
        2302       -35.49939        -0.31653     -1500.17555         1.70340        -1.29270        -4.50876         4.99014           0
        2373       -36.55605        -7.33848     -1500.10036        -0.15413        -0.05184        -4.07496         4.07821           0
        2387       -33.40586        -5.05803     -1500.32451        -0.16780        -1.19604       -54.59706        54.10181           1
        2390       -33.83335         3.33646     -1500.29409        -2.74641        -1.82555       -32.10101        31.76300          -1
        2470       -39.64130        -1.74413     -1499.88083        -0.34441        -0.02628        -8.25050         8.25773           0
        2512       -42.01811         3.65161     -1499.71171         2.42783         1.43328       -12.06555        12.39056           0
        2513       -37.65200        -4.80021     -1500.02238        -0.05332        -0.03972        -2.59366         2.59451           0
        2538       -42.45503        -1.17857     -1499.68062        -1.04402        -0.03867       -22.86369        22.88755           0
        2577       -31.41481        -1.07225     -1500.46619        -0.27633        -0.01710        -9.67357         9.67753           0
        2583       -34.91585         1.45933     -1500.21707         5.78618         0.58202       -19.94532        20.77581           0
        2583       -34.03629        -3.82084     -1500.27965        -0.01895        -0.00797        -1.64401         1.64414           0
        2647       -41.12068         4.89025     -1499.77557        -0.16504         0.00357        -4.00813         4.01153           0
        2663       -39.38416        -3.25833     -1499.89913        -0.31183        -0.00595        -9.07572         9.08108           0
        2682       -35.50551         6.68761     -1500.17511         1.17362         0.55776        -2.46279         2.78457           0
        2683       -39.70581        -2.56040     -1499.87624        -0.39252        -0.02757        -9.03319         9.04176           0
        2685       -40.39598         0.96781     -1499.82713        -0.35892        -0.28617        -1.58060         1.64591           0
        2710       -35.62699         5.95185     -1500.16647        -0.09773         0.02550        -2.75986         2.76171           0
        2726       -38.60671         6.32178     -1499.95445        -0.02832         0.01911        -1.50835         1.50874           0
        2727       -33.86086         1.94719     -1500.29214         0.65261        -2.19524        -2.78464         3.60544           0
        2753       -42.37122         2.93650     -1499.68659        -1.49678        -0.96130        -2.32993         2.93139           0
        2790       -32.29352        -4.50209     -1500.40366         0.27176        -0.02449        -0.43205         0.51100           0
        2794       -41.60106         4.45873     -1499.74139        -0.24930         0.03810        -5.54905         5.55478           0
        2819       -30.71482         0.62457     -1500.51599        -0.82177         0.62991       -55.77666        55.78627           0
        2867       -36.69532        -3.70819     -1500.09045         0.50077         0.02509        -0.09860         0.51100           0
        2909       -41.13524        -2.55267     -1499.77453        -0.41432        -0.01290       -11.42200        11.42952           0
        2909       -39.53923        -3.47846     -1501.89315         0.01081        -0.10625         0.38742         0.40187           0
        2930       -40.99149         0.82238     -1499.78476        -0.44853         0.10467       -12.51380        12.52228           0
        2953       -31.01733         0.31599     -1500.49447         0.00451         0.00344        -0.16364         0.16374           0
        2994       -39.67098        -4.96843     -1499.87872        -0.24274         0.23817       -15.29613        15.29991           0
        3025       -30.51240         0.92662     -1500.53040         0.10469         1.03663        -0.65323         1.22975           0
        3026       -42.44993        -4.55764     -1501.68604         0.12889         0.03999         0.49286         0.51100           0
        3067       -38.04970        -5.14861     -1499.99408        -0.38090        -0.29812        -0.16480         0.51100           0
        3093       -32.80995        -3.07747     -1500.36691         0.50673        -1.02166       -27.96349        27.48040           1
        3156       -42.84184        -2.75251     -1499.65310        -0.18008        -0.01703        -3.89029         3.89450           0
        3178       -40.89447        -5.76134     -1499.79166         0.24385        -0.06216        -2.35338         2.36680           0
        3224       -36.69010         1.29145     -1500.09082        -0.27989         0.01457        -7.58627         7.59145           0
        3271       -34.62815         2.59413     -1500.23754        -0.72999         0.12610       -23.43700        23.44870           0
        3308       -32.79519         3.19157     -1500.36796         1.32720         0.12329       -11.52987        11.10690           1
        3334       -39.64921         6.65276     -1499.88027        -0.11237         0.05767        -3.37331         3.37567           0
        3359       -34.20518         4.74115     -1500.26764        -0.52328         0.12483       -16.48640        16.49518           0
        3361       -33.07340        -4.65443     -1500.34817        -0.16108        -0.05834        -5.28345         5.28623           0
        3371       -39.36803        -1.04421     -1499.90028         0.26217         0.16817        -0.40510         0.51100           0
        3393       -37.58640         0.78659     -1500.02705        -2.75306        -1.56989        -2.37211         3.95864           0
        3430       -33.70598         2.93113     -1500.30316        -0.04336         0.00343        -2.22857         2.22900           0
        3485       -42.00431        -4.99738     -1499.71269         1.46802        -1.37749       -10.17239        10.36967           0
        3564       -43.22899         0.63551     -1499.62555        -0.57974        -0.02682       -12.81770        12.83084           0
        3592       -40.60105         5.53342     -1499.81254        -0.36665         0.10084        -8.97058         8.97864           0
        3629       -38.11687        -5.69821     -1499.98930        -0.47898        -0.08062       -13.65582        13.66446           0
        3629       -36.10719         2.68308     -1502.13736         0.06732         0.22797         0.45235         0.51100           0
        3657       -40.45633         2.53770     -1499.82284        -1.04341         0.12149       -23.88779        23.91088           0
        3668       -41.56130         2.84580     -1499.74422         0.62039         1.13129       -13.27381        13.33637           0
        3668       -36.97143        -3.30083     -1502.07586         0.16204        -0.24443         0.41847         0.51100           0
        3700       -35.81360         5.05568     -1500.15319        -0.01820         0.01415        -0.85231         0.85262           0
        3747       -38.50052        -3.44885     -1499.96200        -0.13666        -0.01796        -3.45047         3.45323           0
        3855       -41.44557         1.01816     -1499.75245        -0.27931        -0.01359        -5.57018         5.57719           0
        3866       -31.95434         0.20158     -1500.42779        -1.10241         1.43150       -10.90350        11.05218           0
        3870       -34.91663        -2.29006     -1500.21701        -0.15725        -0.12015        -3.12776         3.13401           0
        3875       -40.68969         0.78249     -1499.80623        -0.07499         0.02631        -2.61477         2.61598           0
        3903       -38.54086        -4.40348     -1499.95913        -0.32382        -0.07873        -7.95571         7.96268           0
        3926       -30.67867        -1.65015     -1500.51857        -0.17938        -0.09455       -10.26056        10.26256           0
        3930       -36.63571        -4.85915     -1500.09469        -0.51237        -0.10199       -13.92779        13.93759           0
        3948       -41.50235        -3.15512     -1499.74841        -0.06101        -0.00015        -1.67209         1.67320           0
        3948       -36.57465        -5.15962     -1500.09904        -0.43639        -0.08446       -17.55164        17.55727           0
        3950       -42.40708         2.01162     -1499.68403        -0.32636         0.06176        -9.73725         9.74291           0
        3958       -38.45827         0.29218     -1499.96501        -0.19432         0.00217        -4.91381         4.91765           0
        3958       -40.71905        -6.25919     -1501.80920        -0.05420        -0.18031         0.22423         0.29279           0
        3970       -41.07688        -0.19532     -1499.77868        -0.41260        -0.00570        -8.70679         8.71656           0
        4015       -39.63269        -6.29079     -1499.88144        -0.23762        -0.05532        -5.77348         5.77863           0
        4029       -41.40900        -0.80035     -1499.75505        -0.68387         0.55351       -21.01912        20.53274          -1
        4073       -32.07985         4.64067     -1500.41886        -0.03707         0.01017        -1.26703         1.26761           0
        4114       -36.65683         4.51963     -1500.09319         0.36487        -0.08792        -3.72775         3.74659           0
        4209       -41.10611         0.97653     -1499.77660         0.84230         0.00249        -0.33052         0.90484           0
        4249       -33.45857        -5.14313     -1500.32076         0.36479        -0.53405        -0.89574         1.10482           0
        4255       -36.83353        -3.29925     -1500.08062        -0.13437        -0.01817        -3.66452         3.66703           0
        4287       -38.16027         1.34204     -1499.98621         0.44967         0.18789       -22.96235        22.46220           1
        4287       -36.89929         6.84648     -1500.07594        -0.08072         0.03086        -2.46445         2.46596           0
        4320       -39.06303         4.63493     -1499.92198        -0.00813         0.00198        -0.29465         0.29477           0
        4364       -42.43616        -3.66635     -1499.68197        -0.75682        -0.09260       -16.59681        16.61432           0
        4455       -36.01499         2.88584     -1500.13886         7.72811         3.99097       -33.52063        34.63068           0
        4455       -36.84377         0.57962     -1500.07989         1.61170         0.20729        -7.92471         8.08959           0
        4455       -43.52350         0.25947     -1499.60460         0.15451         0.19005       -11.20900        11.21168           0
        4476       -44.96429        -1.86613     -1500.50337         0.51825        -0.27550        -3.15532         3.20944           0
        4512       -38.89823         3.90367     -1499.93370        -0.23395         0.03820        -5.84157         5.84638           0
        4520       -41.62254        -3.40635     -1499.73986        -0.06026        -0.11441        -0.49437         0.51100           0
        4538       -41.07767         1.75896     -1499.77863        -1.02630         0.06562       -24.67202        24.69344           0
        4565       -34.71707         6.51535     -1500.23121         0.58567        -0.71665        -2.65937         2.81582           0
        4594       -38.96312        -1.23186     -1499.92909        -0.00378         0.00174        -0.12749         0.12756           0
        4884       -39.68772        -0.55901     -1499.87753        -0.10810        -0.00217        -2.60812         2.61036           0
        4940       -38.51630        -0.84893     -1499.96088        -0.25080        -0.00830        -6.69239         6.69709           0
        4969       -34.31182        -2.37054     -1500.26005         1.31597        -1.08572        -3.52748         3.91838           0
        5059       -44.67269         2.48708     -1499.52283        -1.08740        -0.00110        -1.91860         2.20532           0
        5068       -35.79860         3.22958     -1500.15426        -0.09722         0.02956        -3.70271         3.70410           0
        5085       -42.57934         1.69747     -1499.67178        -0.21700         0.08313        -5.77272         5.77740           0
        5095       -42.62103        -3.50533     -1499.66881         0.49197         0.49416        -0.46575         0.83854           0
        5115       -33.71235         2.32114     -1500.30270         0.03804         0.26763       -13.03901        13.04182           0
        5163       -34.01459         0.84442     -1500.28120         0.24083         0.44508        -7.08389         7.10194           0
        5179       -35.58648        -5.39584     -1500.16935         0.07557        -0.09138        -1.61844         1.62278           0
        5197       -35.31514         4.89708     -1500.18866        -0.20432         0.04368        -5.86318         5.86690           0
        5237       -35.42360        -7.15396     -1500.18094        -0.15309         0.22494        -3.19484         3.20640           0
        5237       -37.51464         1.08904     -1500.03215        -0.19834         0.17988         0.28964         0.13453          -1
        5338       -36.78170        -6.58435     -1500.08431         0.14062         0.07548        -2.71769         2.72237           0
        5338       -43.32605        -2.58339     -1499.61865        -0.35640         0.69148        -2.60297         2.71673           0
        5386       -34.18187        -5.18986     -1500.26930         0.85839         0.48739        -2.91614         3.07868           0
        5386       -42.37880        -3.85797     -1499.68605        -0.19471        -0.02110        -5.31015         5.31376           0
        5422       -42.89536         0.63029     -1499.64929        -0.10435         0.22554        -0.98953         0.63007          -1
        5527       -38.40592         5.49058     -1499.96873        -0.39802         0.07693        -9.38155         9.39031           0
        5557       -38.00464        -1.53120     -1499.99729        -0.31033        -0.01803        -7.98431         7.99036           0
        5571       -43.50040         0.58080     -1499.60624        -1.18066        -0.14868       -24.73802        24.76663           0
        5594       -39.78771        -3.40497     -1499.87041        -0.01578        -0.00163        -0.67229         0.67248           0
        5620       -39.83154         5.76868     -1499.86730         0.31092         0.16764        -0.36925         0.51100           0
        5632       -30.32150         1.01296     -1501.76505        -0.32378        -0.13756        -0.07909         0.36057           0
        5632       -38.46608         3.60768     -1499.96445        -0.00664         0.00196        -0.25827         0.25836           0
        5644       -35.70491        -0.74512     -1502.16598         0.09945         0.27255         0.42065         0.51100           0
        5664       -34.84422        -5.98107     -1500.22217        -0.61832         0.78423        -1.89731         2.14409           0
        5746       -39.11078        -2.70818     -1499.91858         0.35834        -0.29033        -0.46462         0.65466           0
        5852       -38.30599         6.79151     -1499.97585         1.82622        -0.17885        -1.23312         2.21081           0
        5852       -41.88617        -2.92909     -1499.72110         0.02604        -0.44443        -0.77780         0.89620           0
        5866       -31.12971         2.44098     -1500.48647        -0.10879         0.01483        -3.88438         3.88593           0
        5876       -42.56959        -4.91707     -1499.67247        -0.18385        -0.02187        -3.98820         3.99250           0
        5902       -38.93158         5.18982     -1499.93133        -0.39102         0.07571        -9.68355         9.69173           0
        5939       -36.68735         0.32213     -1500.09102        -0.24105         0.00317        -6.53865         6.54309           0
        5979       -33.45491        -1.53745     -1500.32102        -0.30238         0.00919       -10.25128        10.25575           0
        5989       -38.31485        -6.46455     -1499.97522        -0.32790        -0.17030        -8.20055         8.20887           0
        5989       -36.16895        -3.80163     -1500.12791        -0.16229        -0.04180        -4.71574         4.71871           0
        5989       -33.67724        -1.14486     -1502.31026         0.10823         0.10703         0.21474         0.26322           0
        6068       -31.28253        -1.08462     -1500.47560        -0.27004        -0.01535        -9.39976         9.40365           0
        6072       -35.90611         4.43451     -1500.14661         0.27804        -0.91423        -1.21509         1.54582           0
        6076       -35.06452         6.30173     -1500.20649        -0.01969         0.00656        -0.93795         0.93818           0
        6076       -41.48845         0.42557     -1499.74940        -0.26444        -0.05022        -7.44908         7.45394           0
        6106       -35.18185        -0.00447     -1500.19814        -0.85845         0.16814        -1.86756         1.61365          -1
        6123       -37.34876        -4.60722     -1500.04396         0.68685        -0.89207       -21.50137        21.02589          -1
        6205       -36.35397        -5.72739     -1500.11474         0.87965         0.11978        -1.11251         1.42331           0
        6205       -32.12888         0.50836     -1502.42043        -0.03487         0.22146         0.16551         0.27867           0
        6237       -41.93958        -4.16169     -1499.71730        -0.11782        -0.02824        -3.43138         3.43352           0
        6255       -33.02235        -3.69345     -1500.35180         1.74424        -1.50001        -3.54912         4.22950           0
        6295       -39.75494         4.67335     -1499.87275         0.45455         0.33945        -8.14667         8.16639           0
        6295       -42.36592         0.35541     -1501.69202        -0.08348        -0.27477         0.42267         0.51100           0
        6307       -38.59244        -7.37404     -1499.95546        -0.18778        -0.06493        -4.65234         4.65658           0
        6321       -37.11682        -3.22374     -1500.06046        -0.56747        -0.07325       -15.10925        15.12008           0
        6414       -40.64558        -5.38524     -1499.80937        -0.41418        -0.07912        -9.66230         9.67150           0
        6420       -40.83516        -2.87835     -1499.79588        -1.36658         0.01145       -32.41611        32.44491           0
        6440       -38.56614        -4.39010     -1499.95734        -0.18189        -0.03274        -4.53637         4.54014           0
        6446       -35.97282         3.90534     -1500.14186        -0.03628         0.89124       -43.95537        43.45639          -1
        6483       -42.18291         1.98122     -1499.69998        -1.13118         1.38718       -39.02938        38.56275           1
        6522       -33.43951         2.94000     -1502.32718        -0.54182        -0.36041         0.12465         0.66257           0
        6538       -40.46277         4.44712     -1499.82238         1.29109         0.46343        -5.32951         5.50322           0
        6540       -34.11914        -0.15325     -1500.27376        -0.00149         0.00353        -0.13855         0.13861           0
        6559       -34.52105        -0.37712     -1500.24516        -0.09626         0.00040        -2.94847         2.95004           0
        6584       -40.65732        -4.19362     -1499.80854         0.22250        -1.16503        -1.84987         2.19746           0
        6585       -39.42117        -1.90001     -1499.89650        -0.33769        -0.02425        -8.26072         8.26765           0
        6596       -41.07629         3.90417     -1499.77873         1.69333        -1.42737        -0.75937         2.34124           0
        6596       -32.03493        -1.90419     -1500.42206        -0.54353        -0.99685        -3.78446         3.95111           0
        6598       -38.43018         6.71479     -1499.96701        -0.84876         0.78503       -42.59212        42.09987           1
        6622       -37.58183        -6.02379     -1500.02737        -0.91533         0.14752       -36.90288        36.91452           0
        6651       -33.68570        -3.84814     -1500.30460        -0.01647        -0.01395        -0.89134         0.89160           0
        6666       -40.94099         1.32428     -1499.78835         0.55496         2.81442       -70.10838        69.65791           1
        6666       -37.17539         5.45368     -1500.05629         0.00182         0.00499        -0.08357         0.08373           0
        6666       -39.08922         3.49264     -1499.92012         0.13340         0.49303        -9.52631         9.53999           0
        6690       -43.80973         0.28965     -1499.58423         0.16758        -0.22821        -4.23162         4.24108           0
        6758       -43.40678        -1.72096     -1499.61290        -0.04428        -0.00814        -1.06270         1.06365           0
        6758       -33.84900         2.16486     -1500.29298        -0.03818         0.00297        -1.92749         1.92787           0
        6778       -38.86230         1.81370     -1499.93626        -0.38366         0.02646        -9.54829         9.55603           0
        6808       -36.83974         5.97551     -1500.08018        -0.18709         0.04999        -5.10466         5.10833           0
        6852       -42.51554        -1.59194     -1499.67632        -0.05770         0.01247        -1.53084         1.53198           0
        6862       -42.61885        -3.43009     -1499.66897         0.15145         0.80282        -6.55548         6.60619           0
        6862       -38.36858        -1.06262     -1499.97139        -1.82660         0.80582      -153.97613       153.47892          -1
        6862       -38.34560         4.79886     -1501.97808         0.01921         0.19606         0.60021         0.63172           0
        6876       -37.15902        -0.77580     -1500.05746        -0.27548        -0.10979        -9.09560         9.10044           0
        6878       -40.40