          57       -35.82933         6.32365     -1500.15207        -0.55127         0.14932       -15.71991        15.73028           0
          98       -33.02389        -1.82839     -1500.35169        -2.71106        -4.06120      -208.04227       207.58919           1
          98       -37.49143         6.13040     -1500.03381        -0.01281        -0.00053        -0.57865         0.57879           0
         243       -43.18858        -2.60404     -1499.62843         3.81972         1.08156       -15.82832        16.31857           0
         247       -38.67800         1.12463     -1499.94938         1.70091         0.44217        -5.97175         6.22498           0
         371       -32.78443        -1.19262     -1500.36873        -0.07537        -0.07523        -0.53926         0.54967           0
         450       -31.03483         3.02201     -1500.49322         1.35602         0.21105        -3.21418         3.49489           0
         450       -30.38958         0.71478     -1500.53913         1.49652        -0.00426        -3.69904         3.99030           0
         455       -42.39765         3.33703     -1499.68471        -0.03131         0.00436        -0.99245         0.99295           0
         463       -33.31267        -0.29671     -1500.33114         0.00323         0.01180        -0.25567         0.25596           0
         483       -39.55086        -5.58140     -1499.88727        -0.25083        -0.79015        -0.58806         1.01640           0
         502       -36.14669        -0.69395     -1500.12949        -0.30602        -0.00994        -8.48323         8.48876           0
         517       -40.68244        -5.70765     -1499.80675        -0.38408        -0.15155       -10.79256        10.80046           0
         526       -38.97288        -5.66905     -1499.92839        -0.64410        -0.26296       -12.89924        12.91799           0
         534       -33.95912         6.28342     -1500.28515         0.76814        -1.02761        -1.40810         1.90493           0
         535       -40.83629        -6.38693     -1499.79580        -0.16138        -0.03622        -3.74004         3.74370           0
         565       -31.34083         3.99304     -1500.47145        -0.66011         0.17341       -23.60725        23.61712           0
         579       -40.95030        -6.39808     -1499.78769        -0.20875        -0.04659        -4.81188         4.81663           0
         618       -30.89155        -0.96367     -1500.50342        -0.12190        -0.18110        -4.09454         4.10036           0
         620       -36.71274        -6.62525     -1500.08921        -0.05832        -0.00946        -1.53251         1.53365           0
         710       -34.90384         0.90966     -1500.21792        -0.54534         0.00450       -19.90219        19.90966           0
         731       -39.98881         6.80988     -1499.85611        -0.22185         0.12341        -4.42024         4.42752           0
         758       -35.02031         2.00591     -1500.20964         0.70157        -0.07021        -1.26759         1.45049           0
         763       -41.10662        -3.85892     -1499.77657        -0.05188        -0.00799        -1.43414         1.43510           0
         771       -34.59919         4.04490     -1500.23960        -0.10855        -0.07025        -0.49437         0.51100           0
         780       -33.81730         3.86288     -1500.29524        -0.13258         0.05143        -4.94244         4.94448           0
         804       -32.42774         1.47143     -1500.39411         0.05134        -0.09464        -6.27286         6.27378           0
         812       -33.78335        -4.45229     -1500.29765        -0.22350        -0.00580        -7.46335         7.46670           0
         836       -34.94995         0.35496     -1500.21464         0.52842         0.46216        -1.40433         1.57002           0
         866       -40.70505        -6.21106     -1499.80514         1.42999         0.42905        -2.77400         3.15025           0
         934       -38.67929        -0.04409     -1499.94928        -0.12165         0.74500       -56.24618        55.74256          -1
         947       -37.10853         3.41628     -1500.06105        -3.54509         0.31567       -99.97788       100.04122           0
         957       -36.78165         2.42736     -1500.08431         0.14135        -0.04915        -0.48859         0.51100           0
         969       -39.93427        -4.56937     -1499.85999         0.50970         0.01153        -9.30897         9.32292           0
         969       -32.15630         2.71340     -1500.41342        -0.69270        -0.31529        -0.58261         0.95848           0
        1005       -38.29989         4.18927     -1499.97628         1.53408         1.89980        -6.82729         7.25084           0
        1093       -44.25721         1.34074     -1499.55239        -0.05052        -0.05039        -2.45480         2.45584           0
        1102       -42.98969         2.85837     -1499.64258         0.06286        -0.23057        -0.45167         0.51100           0
        1102       -33.65468         5.45174     -1500.30681         0.43572         0.32351        -0.51636         0.74909           0
        1106       -39.64146         4.96808     -1501.88588        -0.09029         0.00698         0.25212         0.26789           0
        1106       -37.63682         0.91576     -1502.02852        -0.11956        -0.30085         0.52330         0.61534           0
        1147       -36.60837         5.83327     -1500.09664        -0.06610         0.03538        -2.87315         2.87413           0
        1191       -36.88911        -0.98961     -1500.07666        -0.79004        -0.03206       -21.23221        21.24692           0
        1242       -39.28088        -4.10150     -1499.90648        -0.02075        -0.00970        -0.71259         0.71296           0
        1265       -41.51547         4.31731     -1499.74748        -1.08152        -0.69789       -11.16272        11.23669           0
        1265       -35.03035        -2.92159     -1500.20892         0.93176        -4.42950       -19.69038        19.69942          -1
        1295       -36.21581         5.33133     -1500.12457        -0.26965         0.07316        -5.84817         5.85484           0
        1297       -34.26580        -3.05163     -1500.26332        -0.29469        -0.02797       -10.33459        10.33883           0
        1297       -38.30223        -5.01346     -1501.98117        -0.15755        -0.12333         0.47020         0.51100           0
        1349       -41.40591         4.71804     -1499.75527        -0.28689         0.00763        -7.76868         7.77398           0
        1404       -31.82789        -2.62071     -1500.43679        -0.71764        -0.10099       -28.77806        28.78719           0
        1405       -34.94042        -3.23132     -1500.21532        -0.37995        -0.14556       -15.46837        15.47372           0
        1411       -32.93859        -0.88001     -1500.35776        -0.13577         0.83283       -30.51207        30.52374           0
        1458       -37.50646         5.49050     -1500.03274        -0.01341         0.01108        -0.51070         0.51100           0
        1501       -39.40661        -4.97149     -1499.89753        -0.04288        -0.00723        -0.98365         0.98461           0
        1542       -35.53056        -6.38390     -1500.17333        -0.18605        -0.06884        -5.51447         5.51804           0
        1678       -43.86709         2.57984     -1499.58015        -0.05682         0.02267        -1.25118         1.25268           0
        1694       -41.66296         2.05783     -1499.73698        -4.91665         0.71019      -135.46933       135.56039           0
        1694       -39.41624        -6.25792     -1501.90190         0.08327        -0.15400         0.48007         0.51100           0
        1694       -33.30103         5.18345     -1500.33197        -0.05633         0.04074        -3.29378         3.29451           0
        1695       -38.60042        -3.38100     -1499.95490        -0.02768        -0.01137        -1.43467         1.43498           0
        1704       -42.04812         1.85742     -1499.70958        -2.07707        -0.44706       -16.70795        16.33925           1
        1706       -41.60927         6.43012     -1501.30731         0.53952        -0.42002        -1.50680         1.65467           0
        1734       -37.51514        -3.47801     -1500.03212         0.28488         0.07649        -0.41727         0.51100           0
        1756       -36.83834        -2.13198     -1500.08028         0.08204        -0.25640        -4.46371         4.47182           0
        1756       -41.39750         3.08306     -1499.75587         0.39610        -0.11909        -0.30007         0.51100           0
        1771       -38.58485         1.04062     -1499.95600        -0.25079         0.00977        -6.30416         6.30915           0
        1785       -44.34374         1.14551     -1499.54623         0.39086         0.76998        -2.62248         2.29687           1
        1895       -41.33752         2.56794     -1499.76014        -0.63879         0.58148        -2.44956         2.59741           0
        1986       -42.17161         3.02401     -1499.70079        -0.06343         0.07609        -2.49160         2.49357           0
        2051       -41.00768        -4.35270     -1499.78361        -8.65706        -2.04873      -276.00106       275.63386           1
        2051       -40.41076         0.31137     -1499.82608        -0.01746         0.00186        -0.57926         0.57953           0
        2107       -42.61665         0.35419     -1499.66912        -0.01916        -0.09377        -0.50196         0.51100           0
        2107       -41.20748        -0.93510     -1499.76939         0.04013        -0.31584        -2.36330         2.38464           0
        2107       -36.99938        -4.16431     -1500.06882         0.71350        -1.30741        -6.45043         6.62015           0
        2129       -38.01914         3.20787     -1499.99626        -0.17623         0.02568        -4.63078         4.63420           0
        2138       -30.42901         1.82567     -1500.53633        -0.07871         0.19915       -12.67653        12.67834           0
        2149       -33.48547        -1.93305     -1500.31885         0.29777        -0.44694        -7.54136         7.56046           0
        2174       -40.49750         3.64082     -1499.81991        -0.45877         1.32036        -4.63981         4.84579           0
        2174       -40.79792        -1.09615     -1501.80359         0.03722        -0.28979         0.41923         0.51100           0
        2227       -39.57263        -2.99547     -1499.88572         2.49631         3.69873        -9.00577        10.05067           0
        2257       -37.05679        -0.55278     -1500.06473        -1.38824        -0.03095       -37.08721        37.11319           0
        2276       -40.70619         0.11614     -1499.80506         0.47514         0.03768        -2.91010         2.94888           0
        2335       -38.69182        -2.18099     -1499.94839         1.86239        -1.70154        -9.68790         9.51298           1
        2335       -39.01979         7.26112     -1499.92506         1.21367         0.70970        -2.41103         2.79101           0
        2377       -37.78118         4.72900     -1500.01319         0.13172        -1.39258        -3.48768         3.75773           0
        2504       -41.01817         4.88692     -1499.78286        -0.36658         1.08309        -2.96243         2.70530           1
        2504       -34.30197         0.88518     -1500.26075        -0.04593         0.43978        -2.01489         1.61419          -1
        2522       -41.45863        -4.50202     -1499.75152        -0.29467        -0.22185        -8.58714         8.59505           0
        2552       -32.31786         2.57742     -1500.40193         0.00063        -0.00103        -0.22157         0.22157           0
        2577       -32.67746        -1.35682     -1500.37634        -1.83868        -0.12194       -59.73222        59.76064           0
        2577       -35.50110        -5.11343     -1502.18048         0.07615         0.08951         0.49730         0.51100           0
        2577       -36.37657        -5.87404     -1502.11819        -0.88420        -0.92176         1.96968         2.34757           0
        2622       -42.79798         0.09238     -1499.65622         0.41577        -0.49420        -5.62029         5.65727           0
        2625       -42.75856        -3.23559     -1499.65902        -0.61694        -0.06345       -13.02636        13.04112           0
        2626       -36.51523        -4.89053     -1500.10327         0.64820         0.32064        -9.77556         9.80227           0
        2668       -39.69893        -0.87590     -1499.87673         0.46997         0.86678        -8.09478         8.15461           0
        2746       -39.30946        -0.95356     -1499.90444         0.31504         0.22822        -0.64735         0.40087          -1
        2807       -36.31718         3.06882     -1500.11736        -0.27427         0.10085        -6.10789         6.11487           0
        2813       -32.15490        -4.97632     -1501.88840        -0.52630         0.62396        -0.67655         0.66593           1
        2813       -39.31802        -3.04518     -1501.90889        -0.41306        -0.09299         0.28611         0.51100           0
        2826       -34.15461        -4.03512     -1500.27124        -0.09067        -0.00629        -3.12744         3.12876           0
        2870       -40.16101        -2.79664     -1499.84385        -0.04723        -0.01053        -1.31793         1.31882           0
        2984       -37.66806        -7.12517     -1500.02124        -0.13560        -0.04305        -3.49606         3.49895           0
        3065       -42.00717        -0.51700     -1499.71249        -5.47421         1.36568      -169.31106       168.89481          -1
        3088       -40.62006         2.63343     -1499.81119         0.10788         0.62030        -1.64166         1.75826           0
        3127       -41.75195        -4.17136     -1499.73065        -0.12927         0.00648        -3.18725         3.18988           0
        3158       -35.46735         7.14252     -1501.61692        -0.06371        -0.13284         0.12300         0.19192           0
        3167       -35.49574         4.99270     -1502.18086         0.19198         0.42223         0.21444         0.51100           0
        3172       -37.12445         3.71273     -1500.05992        -0.23595         0.03488        -6.45645         6.46085           0
        3179       -42.20722        -0.67293     -1499.69826         0.47996         0.98344        -5.44215         5.55109           0
        3201       -40.60517        -0.19099     -1499.81225        -0.91444        -0.00718       -21.37439        21.39395           0
        3237       -39.03424        -4.79601     -1499.92403        -0.38960         0.01448       -12.65270        12.65871           0
        3242       -38.58516         7.01150     -1499.95598         0.01628         0.36349        -1.43446         1.05463           1
        3242       -37.67708         7.02362     -1500.02060         0.01182         0.03493        -0.06479         0.00541          -1
        3242       -37.66882         7.03641     -1500.04334         0.00831         0.03658        -0.06286         0.00522          -1
        3242       -37.66163         7.04987     -1500.06604         0.01608         0.03894        -0.05916         0.00514          -1
        3242       -37.65198         7.06546     -1500.08633         0.02251         0.04417        -0.05307         0.00514          -1
        3242       -37.64723         7.08130     -1500.10810         0.02001         0.04579        -0.05233         0.00510          -1
        3242       -37.64293         7.10097     -1500.12661         0.01851         0.04187        -0.05545         0.00503          -1
        3242       -37.63402         7.11936     -1500.14477         0.02187         0.03537        -0.05860         0.00503          -1
        3242       -37.62586         7.12902     -1500.16901         0.01971         0.03645        -0.05347         0.00446          -1
        3242       -37.62050         7.14724     -1500.18857         0.02965         0.03150        -0.05105         0.00436          -1
        3242       -37.60757         7.16361     -1500.20611         0.02486         0.03104        -0.05328         0.00431          -1
        3242       -37.59033         7.17987     -1500.22827         0.04804         0.00553        -0.04340         0.00411          -1
        3242       -37.56252         7.18352     -1500.24449         0.04334         0.00530        -0.04765         0.00407          -1
        3242       -37.53644         7.18399     -1500.26370         0.04087         0.01164        -0.04728         0.00394          -1
        3242       -37.51349         7.18344     -1500.28652         0.04047        -0.00967        -0.04774         0.00391          -1
        3242       -37.49622         7.18384     -1500.31387         0.04532         0.02968        -0.03159         0.00383          -1
        3242       -37.45020         7.20246     -1500.32961         0.04982         0.01949        -0.03250         0.00382          -1
        3242       -37.41258         7.20731     -1500.36526         0.05232         0.01174        -0.03056         0.00371          -1
        3242       -37.37830         7.21963     -1500.40232         0.03913         0.01202        -0.04568         0.00367          -1
        3242       -37.33535         7.23080     -1500.42926         0.04001         0.00924        -0.04299         0.00345          -1
        3242       -37.29136         7.23042     -1500.45644         0.04888         0.01126        -0.03191         0.00345          -1
        3242       -37.24540         7.24901     -1500.47115         0.04964         0.00321        -0.02998         0.00329          -1
        3242       -37.19559         7.24483     -1500.48381         0.05332         0.00045        -0.01858         0.00311          -1
        3242       -37.15523         7.25091     -1500.51497        -0.01527         0.05249        -0.00258         0.00292          -1
        3242       -37.15311         7.30155     -1500.50912         0.04099         0.01502        -0.03097         0.00280          -1
        3242       -37.11153         7.29695     -1500.53793         0.02659        -0.01449        -0.04153         0.00258          -1
        3242       -37.07190         7.29400     -1500.56894         0.01558        -0.00534        -0.02675         0.00096          -1
        3242       -36.43375         4.22990     -1500.10906         0.49947         3.46073       -12.31446        12.80125           0
        3242       -38.02528        -5.41946     -1499.99582        -0.00183        -0.00041        -0.10169         0.10171           0
        3242       -39.80077        -5.75201     -1499.86949        -0.08584        -0.01861        -3.77681         3.77783           0
        3377       -34.30253         3.29081     -1500.26071        -0.16224         0.02666        -5.79903         5.80136           0
        3417       -36.58789        -1.63670     -1500.09810         0.20592         0.07418        -0.52214         0.56616           0
        3434       -36.45116         3.26090     -1500.10783        -0.06094         0.00477        -1.53630         1.53752           0
        3438       -41.47860         2.27669     -1499.75010        -0.02229         0.00424        -0.67026         0.67065           0
        3513       -34.22447         1.25147     -1500.26627        -0.08937        -0.01606        -2.75577         2.75727           0
        3521       -38.76197        -0.06111     -1499.94340         0.61582         0.71427        -5.76077         5.83746           0
        3537       -34.72332        -6.72899     -1500.23077         0.00321         0.01236        -0.90947         0.90956           0
        3544       -30.97374        -3.04122     -1500.49757         2.74576        -0.69434        -3.04096         4.15557           0
        3576       -37.12507        -2.15234     -1500.05987         1.44316        -0.55056        -6.25009         6.43813           0
        3650       -39.98448        -2.38911     -1499.85641        -0.27023        -0.02300        -6.37514         6.38090           0
        3669       -32.31692         5.26035     -1500.42682        -0.47152        -0.19256         0.04138         0.51100           0
        3669       -33.37575         0.77611     -1500.32666         1.37922         0.48329        -3.51801         3.80949           0
        3669       -42.70795        -0.44174     -1499.66263         0.06783         0.24317        -0.44428         0.51100           0
        3708       -31.56958         1.27833     -1500.45517        -0.23827        -0.37448        -0.25321         0.51100           0
        3708       -30.61123         2.44196     -1501.04705        -0.22782        -1.46794        -2.06986         2.54776           0
        3710       -34.06258        -6.11995     -1500.27778        -0.17754        -0.56010        -0.52881         0.79049           0
        3760       -42.12283        -3.18579     -1499.70426        -0.05036         0.00063        -0.80831         0.80987           0
        3821       -36.14245         0.59101     -1500.12979        -0.19347        -0.06134        -8.28567         8.28816           0
        3835       -31.01251        -0.35693     -1500.49481        -0.96899        -0.01837       -34.27198        34.28568           0
        3845       -38.20666         0.24204     -1499.98291         1.17607         0.35367        -4.03866         4.22125           0
        3850       -40.39352         6.46861     -1499.82731        -0.53652         0.12466       -12.64786        12.65985           0
        3852       -36.18572         7.23479     -1500.12671         0.12737         1.49257        -3.12698         3.46727           0
        3854       -34.15713         3.82132     -1500.27106         0.00127         0.00121        -0.30914         0.30914           0
        3885       -40.91122         4.83935     -1499.79047         0.05501        -0.07421       -10.48203        10.48244           0
        3909       -40.65513         2.58458     -1499.80869        -0.20033         0.01921        -4.63412         4.63849           0
        3914       -43.98302         0.07864     -1499.57190        -0.36371        -0.00030        -7.34797         7.35696           0
        3932       -36.22219         4.89047     -1500.12412        -0.00431        -0.00146        -0.35039         0.35042           0
        3943       -42.16497        -1.92057     -1499.70126        -0.50530        -0.05028       -10.53050        10.54274           0
