          27       -35.44669        -6.78472     -1500.17930         0.00088        -0.00003        -0.02350         0.02352           0
          27       -33.34478         3.06237     -1500.32886        -0.35213        -0.62706        -0.51246         0.88307           0
          61       -30.59152        -1.92865     -1500.52477        -0.04311         0.01997        -3.20645         3.20680           0
          62       -32.40167         4.34442     -1500.39597        -0.00571         0.04896        -2.11940         2.11998           0
          84       -43.14947        -2.24020     -1499.63121        -0.05586        -1.11716        -1.86177         2.17195           0
         100       -32.11302        -0.88227     -1502.42156         0.13238        -0.34007         0.35770         0.51100           0
         113       -39.27922        -3.82635     -1499.90660        -0.29134        -0.03336        -8.31425         8.31942           0
         115       -42.52278        -2.33511     -1499.67580        -3.38420         1.20075        -3.81817         5.24147           0
         161       -43.18734         2.41717     -1499.62852        -1.01837        -0.50745        -2.88668         3.10283           0
         224       -32.14821        -1.43319     -1500.41400        -0.35915         0.17438        -0.31894         0.51100           0
         254       -43.54717        -2.39280     -1499.60291        -0.61239        -0.04571       -12.85729        12.87195           0
         336       -42.50833        -5.43090     -1499.67683        -0.18040        -0.04262        -4.47297         4.47681           0
         346       -37.19832         5.47042     -1500.05466        -0.06318         0.03008        -4.26400         4.26458           0
         346       -34.46150         2.14109     -1500.24940        -0.05771        -0.01244        -7.66459         7.66482           0
         404       -35.98257        -0.41976     -1500.14117        -0.74953        -0.71398        -1.84567         2.11614           0
         427       -36.42012         2.13490     -1500.11003         0.04931         0.04984        -1.44227         1.44397           0
         427       -35.68643        -5.31597     -1500.16224        -0.00568         0.00360        -3.74654         3.74654           0
         437       -31.01562         1.59615     -1500.49459        -0.39106         0.06576       -15.55907        15.56412           0
         560       -35.49572         1.83158     -1500.17581         0.01405         0.10152        -7.36113         7.36184           0
         562       -36.06952         4.11385     -1500.13498        -0.15003        -0.02850        -0.50230         0.52500           0
         562       -34.25922         2.51773     -1500.26379        -0.00798         0.00574        -0.59176         0.59184           0
         562       -38.03958         3.69097     -1499.99480        -0.11351         0.06311        -5.04039         5.04207           0
         562       -36.53853         3.31204     -1500.10161        -0.07376         0.04521        -3.89360         3.89456           0
         562       -43.32219        -0.35624     -1499.61892         0.44512         0.17906        -9.05580         9.06850           0
         590       -40.29663        -3.08385     -1499.83420        -0.37966        -0.04195        -8.95383         8.96197           0
         643       -41.19113        -3.20708     -1499.77055        -0.03989        -0.00127        -0.31031         0.31287           0
         685       -45.11530        -1.29069     -1500.87892         3.62912         1.25882        -1.01736         3.49540          -1
         685       -31.81221         4.39306     -1500.43791         1.01329         0.11976        -0.58630         1.17680           0
         685       -45.23298        -0.35320     -1501.07350         1.69795        -0.94009        -4.57347         4.96824           0
         685       -37.67995         0.89777     -1500.02039         1.71476        -0.18252        -1.78171         2.47956           0
         779       -38.46385        -4.33039     -1499.96461        -0.22338         1.03437        -1.58542         1.90614           0
         797       -36.28599         6.62702     -1500.11958        -0.01581        -0.02262        -2.34324         2.34340           0
         873       -35.61915        -0.29524     -1500.16703        -0.05246         0.26536        -1.12389         1.15599           0
         901       -40.28190        -0.30347     -1499.83525         0.51977         0.37538        -1.56304         1.68943           0
         917       -33.56598         2.74880     -1500.31312        -0.02886        -0.00727        -1.66680         1.66706           0
         953       -38.55757         6.97277     -1499.95794         5.00305        -2.84477       -41.22852        41.12042           1
         953       -38.34901         7.04103     -1499.97278         0.60285        -0.19416        -3.63552         3.69027           0
         993       -34.18724         5.94415     -1500.26891        -0.81674        -4.28749        -9.10275        10.09503           0
        1006       -33.58038         1.59192     -1500.31209        -1.37479        -0.05717       -50.32900        50.34781           0
        1013       -30.65986         1.73246     -1500.51990        -3.81993         3.05926       -17.33304        17.50694           1
        1013       -30.73217         1.73220     -1500.51476        -0.50557         0.35830        -2.03212         2.12450           0
        1013       -30.59076         1.07565     -1500.52482        -0.22338        -0.09011        -1.19581         1.21983           0
        1015       -44.58594         2.39133     -1499.52900        -0.18401         0.03793        -4.22163         4.22581           0
        1022       -42.26383        -5.07453     -1499.69423        -0.06590        -0.72267        -2.56334         2.66408           0
        1033       -31.07946        -3.32486     -1500.49005         0.02480         0.00858        -1.20656         1.20684           0
        1043       -32.36204        -2.58203     -1500.39879        -0.13891        -0.01965       -19.55623        19.55673           0
        1090       -38.47072        -4.15773     -1499.96412        -2.52118        -0.02576       -87.85644        87.89261           0
        1111       -36.12907        -2.66371     -1500.13074        -0.20557        -0.01366        -5.67863         5.68237           0
        1155       -32.61921        -3.52707     -1500.38049         1.36264         1.25586        -8.41183         8.11768           1
        1155       -39.13933        -7.21850     -1499.91655        -0.31064        -0.02334        -1.63982         1.66915           0
        1212       -32.61443        -5.29648     -1500.38083         0.01471        -0.01786        -0.19251         0.19390           0
        1226       -38.59847        -2.91942     -1499.95503         1.58842        -0.63732        -4.80063         5.09660           0
        1229       -38.86692         1.74790     -1499.93593        -0.21785         0.01515        -5.41629         5.42069           0
        1231       -41.19489         0.53027     -1499.77029        -0.00897        -0.20466        -0.46814         0.51100           0
        1244       -38.92081         2.10513     -1499.93210        -2.44798         0.69719       -88.66063        88.18763          -1
        1244       -42.88818        -0.49304     -1499.64980        -0.01660         0.00024        -0.45910         0.45940           0
        1244       -42.41317        -3.00895     -1499.68360        -0.03512        -0.00540        -1.00231         1.00294           0
        1282       -31.38005        -3.32569     -1500.46866         3.09997        -0.53757       -13.18969        13.05838          -1
        1282       -34.87412         3.47568     -1502.22510        -0.18117         0.45054         0.42716         0.64674           0
        1320       -42.68789        -1.21235     -1499.66405         0.26303         0.14581        -0.23748         0.38320           0
        1376       -34.62315        -1.75774     -1500.23790        -0.10120        -0.00819        -2.99706         2.99878           0
        1432       -37.88254         7.35752     -1500.00598         0.27847        -0.19570        -0.70888         0.78636           0
        1455       -34.86104         5.65201     -1500.22097         0.35481         0.10682        -0.47823         0.60498           0
        1477       -44.39243         0.38175     -1499.54277        -0.19988        -0.02255        -2.88118         2.88820           0
        1499       -43.80642        -3.13675     -1499.58446        -0.19734         0.03862        -4.38699         4.39160           0
        1550       -34.53360        -5.64370     -1500.24427        -0.05587        -0.02514        -3.24618         3.24676           0
        1576       -39.69961        -5.26948     -1499.87668        -0.02547        -0.00771        -1.51142         1.51166           0
        1615       -39.82368        -5.00302     -1499.86785        -0.12943        -0.00568        -3.20308         3.20570           0
        1631       -42.48509         2.89333     -1499.67848        -0.81004         0.07796       -17.74624        17.76489           0
        1643       -42.91627        -3.56621     -1499.64780        -3.17501        -0.36871       -68.55065        68.62513           0
        1665       -42.10456         4.31999     -1499.70556        -1.27957         0.60666       -21.09056        21.13805           0
        1670       -34.05941        -3.45169     -1500.27801        -0.13252        -0.36875        -0.86014         0.94518           0
        1684       -32.74039         3.23867     -1500.37186        -0.41541        -0.03731        -0.44845         0.61242           0
        1729       -41.20349         6.61916     -1500.30947         0.43501        -0.26011        -0.06506         0.51100           0
        1741       -39.93145         6.40164     -1499.86019         0.55466        -0.04439        -1.47407         1.57559           0
        1741       -34.29123         3.15953     -1500.26151         2.36732        -0.48173        -2.74794         3.65889           0
        1741       -38.01770         7.07208     -1499.99636         1.49466         0.04284        -6.74157         6.90541           0
        1792       -34.14068         3.60623     -1500.27223         0.49170        -0.03619        -1.00870         1.12274           0
        1834       -36.09999        -2.48822     -1500.13281        -0.14844        -0.01546        -4.12709         4.12979           0
        1835       -41.31460         4.31328     -1499.76177        -0.07844        -0.00186        -1.83074         1.83242           0
        1860       -37.24819        -0.02329     -1500.05111        -0.31771        -0.00178        -8.42251         8.42850           0
        1880       -36.62854         2.37173     -1500.09520        -0.43002        -0.10571       -22.14071        22.14514           0
        1883       -43.04135         3.77074     -1499.63890        -0.36959         0.07588        -9.62268         9.63007           0
        1909       -35.42713         5.85807     -1500.18069        -0.13492         0.11160        -6.59653         6.59885           0
        1909       -39.74699        -2.59573     -1499.87331        -0.02811        -0.00280        -0.91761         0.91804           0
        1971       -33.29022         2.22540     -1500.33274        -0.32478         0.03411       -10.24093        10.24614           0
        1974       -43.10181         0.89805     -1499.63460        -0.25737         0.00987        -5.35839         5.36458           0
        2017       -44.91027         2.08839     -1500.60025         1.11850        -0.10597        -1.57691         1.93621           0
        2158       -34.92308        -6.28617     -1500.21656        -0.17456        -0.03955        -5.25158         5.25463           0
        2184       -34.68903        -2.21374     -1500.23321         0.04436        -0.12549        -1.79643         1.80135           0
        2193       -30.89990         0.72632     -1500.50282        -0.00231         0.00342        -0.65077         0.65078           0
        2206       -43.73010         0.07429     -1499.58990         0.16724         0.08413        -0.96581         0.98378           0
        2218       -36.06142         5.12621     -1500.13556        -0.30496         0.07835        -9.75293         9.75801           0
        2272       -31.80566        -3.41989     -1500.43837        -0.05044        -0.01372        -2.31331         2.31390           0
        2285       -40.06317        -0.81122     -1499.85081         0.50638        -0.35503        -2.64633         2.71764           0
        2351       -31.07236        -3.57710     -1500.49055         0.52602        -0.11630        -0.41321         0.67894           0
        2353       -32.96651         1.94268     -1500.35577        -0.29179         0.47196        -0.39474         0.68096           0
        2353       -39.66677         2.61621     -1499.87902        -0.78488         0.55831       -32.75016        32.25731          -1
        2367       -35.09481        -1.75490     -1500.20434        -0.19743        -0.01715        -5.62226         5.62576           0
        2369       -36.26226        -6.87043     -1500.12127         0.05890        -1.82127        -5.26533         5.57173           0
        2370       -37.88021         1.35096     -1500.00614        -0.23744         0.01253        -6.14037         6.14497           0
        2428       -43.22918        -1.21669     -1499.62554        -0.26252        -0.01085        -5.58110         5.58728           0
        2474       -37.28781        -6.85010     -1500.04829        -0.69426        -0.19069       -18.35188        18.36599           0
        2494       -41.11672         4.55740     -1499.77585        -0.08874         0.01735        -2.09586         2.09781           0
        2577       -43.71760        -1.26611     -1499.59078         0.48103        -1.49363        -1.90565         2.46857           0
        2577       -34.24015        -3.35760     -1500.26515         0.21551        -0.04009        -0.70727         0.74046           0
        2606       -37.49640         5.92535     -1500.03345        -2.01425         0.36310       -72.48501        72.00470           1
        2681       -41.76119         4.50862     -1499.72999        -0.61595         0.04191       -12.77416        12.78907           0
        2702       -42.71233         1.24857     -1499.66231        -0.72307        -0.45551        -0.13731         0.86555           0
        2718       -34.09756         4.23034     -1500.27530        -0.01189        -0.43064        -0.75464         0.86895           0
        2762       -38.31056        -1.99221     -1499.97552        -0.68952        -0.03038       -24.58417        24.59386           0
        2775       -31.02517        -0.20490     -1500.49391        -0.43538        -0.02708       -13.59445        13.60145           0
        2785       -36.17918         0.89673     -1500.12718        -0.30384         0.01151        -9.02008         9.02520           0
        2827       -34.64923         6.53937     -1500.23604         0.10019         0.12981        -0.23857         0.28949           0
        2836       -38.40154        -6.98775     -1499.96905        -0.11467        -0.13264        -0.34709         0.38886           0
        2935       -35.88442        -1.54931     -1500.14815         0.33079        -0.21614        -1.33332         1.39064           0
        2936       -41.42236        -0.50226     -1499.75410        -0.09068        -0.02963        -3.02562         3.02712           0
        2956       -39.30712        -7.02707     -1499.90461        -1.78927        -0.66861       -58.82678        58.34900           1
        2956       -41.70577        -4.69917     -1499.73394        -0.02228        -0.00169        -0.58287         0.58330           0
        2956       -41.78577         4.87451     -1499.72824        -1.93250         0.75212       -57.92354        57.96065           0
        2974       -43.20977        -5.11796     -1500.94939         0.05850         0.02502         0.01522         0.06542           0
        2980       -38.71792         0.68068     -1499.94654        -0.31779         0.02826        -8.04026         8.04659           0
        2981       -31.08663        -0.35668     -1500.48954        -0.16682        -0.01776        -8.75963         8.76123           0
        2988       -36.81040         1.63237     -1500.08226        -0.33774         0.02241        -9.11055         9.11683           0
        3026       -31.52321         0.03459     -1500.45847        -0.09726        -0.00737        -3.37144         3.37285           0
        3086       -34.34580        -0.86588     -1500.25763         0.18499         0.10645        -1.80118         1.81378           0
        3092       -41.53114         4.18069     -1499.74636        -0.45835         0.32138        -0.51076         0.75779           0
        3182       -34.85597         3.00888     -1500.22133         0.28526        -0.61716        -0.86620         1.10117           0
        3185       -36.84030         2.69708     -1500.08014         1.63971        -0.62241       -19.87896        19.45172          -1
        3185       -38.16182        -5.01317     -1499.98610         0.13039        -0.44742        -2.75038         2.32500           1
        3185       -37.49847         5.88004     -1500.03330         0.87449         0.48500       -11.91340        11.95529           0
        3185       -38.68356         4.85043     -1499.94898         0.14404         0.05594        -3.03845         3.04238           0
        3264       -35.28849        -4.15692     -1500.19055        -0.48492        -0.83772       -47.14030        47.15024           0
        3460       -35.45583        -1.67541     -1500.17865         0.55958         0.83769       -12.07338        12.11533           0
        3500       -37.66791        -6.07907     -1500.02125        -0.22253        -0.14462        -7.44919         7.45392           0
        3502       -33.73368         1.38022     -1500.30119        -2.11673       -12.30304       -20.70414        23.67098          -1
        3502       -33.15022         4.18929     -1500.34270        -0.01294        -0.11910        -0.47094         0.48594           0
        3502       -32.76016         3.85741     -1500.37046         0.02631        -0.70433        -2.47515         2.57354           0
        3502       -34.45103         0.99443     -1502.25520        -0.04640         0.00558         0.29216         0.29587           0
        3533       -40.61464        -0.35115     -1499.81157         0.07975        -0.17212        -0.47448         0.51100           0
        3574       -34.03865         4.17440     -1500.27949        -0.05997         0.44526       -41.22687        40.72148          -1
        3601       -33.42053        -0.95584     -1500.32347        -0.00058         0.01182        -0.30241         0.30264           0
        3669       -39.58755         6.71126     -1499.88466        -0.64529         0.23426       -19.40414        19.41628           0
        3696       -36.82338        -0.74327     -1500.08134        -1.11796         0.07418       -27.49649        27.51931           0
        3700       -35.77855         0.86670     -1500.15568        -0.05245        -0.00132        -1.58330         1.58417           0
        3709       -33.21186         0.86088     -1500.33832         0.05996         0.07288        -1.71155         1.71415           0
        3709       -33.64230         0.20090     -1502.31275        -0.03010        -0.04274         0.21776         0.22394           0
        3713       -33.12787         4.76538     -1500.34429        -0.51590         0.39284        -1.03103         1.21798           0
        3748       -41.71446         2.72341     -1499.73332        -0.16247         0.01743        -3.59191         3.59562           0
        3750       -35.81149        -5.01554     -1500.15334        -1.05706        -0.04160       -54.71816        54.21977          -1
        3927       -41.29513        -1.69303     -1499.76315        -0.93699        -0.24713       -26.29493        26.31278           0
        3947       -32.06334         4.12403     -1500.42004        -0.07632         0.00742       -15.20280        15.20300           0
