          34       -31.21538         0.02050     -1500.48038        -2.46292         1.09150       -24.35401        23.99688           1
          47       -35.48558         2.77769     -1500.17653        -0.39074         0.05439       -16.37325        16.37800           0
          47       -35.81329        -6.66221     -1500.15321         0.02567        -0.25630        -0.42929         0.50064           0
          47       -35.75713        -7.23826     -1501.12722        -0.34513         0.04227        -0.68266         0.40990          -1
          47       -35.44517        -0.86262     -1500.17941        -1.13856         0.38351        -6.36396         6.47637           0
          47       -38.65310        -2.27569     -1499.95115        -2.56187         0.30809       -10.27597        10.59498           0
          50       -33.60793        -0.72350     -1500.31013        -0.16125        -0.02454        -0.87456         0.88964           0
          50       -30.97290        -0.35411     -1500.49763        -0.62309        -1.06373        -4.26983         4.44424           0
          50       -41.06885        -5.54524     -1499.77926        -2.70926        -1.59979        -4.22032         5.26408           0
          66       -36.52546        -7.40140     -1500.10254        -1.60112        -0.58444       -73.02836        73.04824           0
          73       -36.73929         0.97106     -1500.08732        -0.17500         0.00712        -4.74012         4.74336           0
         126       -34.17483         3.09306     -1500.26980         0.42850         0.56607        -1.77644         1.91306           0
         138       -38.85023        -6.24270     -1499.93712        -0.28738        -0.06802        -7.14709         7.15319           0
         184       -39.51193         1.48345     -1499.89004        -0.18708         0.01011        -4.54920         4.55306           0
         239       -42.30059        -0.41991     -1499.69161         0.00068         0.07630        -0.54256         0.54790           0
         268       -34.81774        -2.50350     -1500.22405         0.25618         0.17444        -1.13625         1.17776           0
         268       -43.07954         2.15433     -1499.63619        -0.04296         0.60586        -2.10710         2.19290           0
         268       -39.72414        -0.50342     -1499.87494        -0.60038        -0.01278       -15.13122        15.14313           0
         296       -32.02843        -1.59674     -1500.42252        -0.09689        -0.00771        -3.24691         3.24836           0
         312       -41.18011        -3.94708     -1499.77134        -0.95794        -0.06206       -21.72323        21.74443           0
         395       -44.67047         0.94623     -1499.52298         0.09087        -0.48599        -1.14955         1.25136           0
         407       -32.03131         1.83947     -1500.42232        -0.08906         0.00486        -3.05933         3.06063           0
         423       -35.48375         3.22794     -1500.17666        -0.36186         0.05993        -9.74893         9.75582           0
         423       -36.16402         2.20185     -1502.13331        -0.00280        -0.01060         0.05042         0.05160           0
         425       -43.22593         0.44440     -1499.62577        -0.82208         0.01430       -17.55986        17.57910           0
         444       -41.75281         0.60291     -1499.73059        -0.17387         0.00291        -6.90193         6.90412           0
         456       -37.65586         2.16435     -1500.02211        -1.20093         0.29497        -0.84152         1.06968          -1
         456       -34.65318        -1.76159     -1500.23576        -0.04392        -0.01885        -0.05585         0.07351           0
         462       -42.81981         3.78813     -1499.65467         0.92369         0.78979        -2.56705         2.84020           0
         462       -41.87994         3.39344     -1501.72660        -0.05934        -0.12052         0.19636         0.23791           0
         524       -41.52980        -3.56401     -1499.74646        -1.69524        -0.20582       -38.35648        38.39448           0
         527       -41.72939        -4.52650     -1499.73225        -0.05526        -0.01801        -1.49022         1.49136           0
         560       -39.34354         7.18799     -1499.90202        -0.09221        -0.00174        -0.68679         0.69296           0
         574       -34.11217         1.23446     -1500.27426         5.35147        -0.50379        -8.45329        10.01749           0
         574       -42.81224        -0.13145     -1499.65520         0.26471        -0.09552        -0.83845         0.88441           0
         580       -34.65955        -6.58686     -1500.23531         0.01896        -0.13914        -0.09453         0.16928           0
         583       -37.80646         3.02505     -1500.01139         0.33849        -0.09675        -0.18169         0.39616           0
         588       -41.29862         4.31968     -1499.76291        -4.91463         1.04710      -115.91949       116.02835           0
         608       -38.88270         2.82061     -1501.93987        -0.07986         0.03215         0.21825         0.23462           0
         625       -37.62686        -3.49280     -1500.02417        -0.35140        -0.71600        -2.27975         2.41525           0
         635       -41.94898        -3.53718     -1499.71663       -10.37906        -1.22805      -281.97559       281.65868          -1
         671       -40.99870         0.48900     -1499.78425        -0.09291        -0.06532       -11.30245        11.30302           0
         671       -37.57093        -1.02057     -1500.02815         0.00457        -0.01119        -0.97790         0.97798           0
         702       -35.67735        -1.92353     -1500.16289        -0.00108        -0.00075        -0.06602         0.06603           0
         714       -44.57516         2.33045     -1499.52977        -0.16049        -0.02345        -3.27515         3.27916           0
         714       -35.58539         5.85753     -1500.16943        -1.25734         0.28768       -68.94118        68.95324           0
         749       -40.38889        -1.78587     -1499.82764        -0.29352        -0.01852        -6.90857         6.91483           0
         761       -36.13228        -6.21852     -1500.13052         1.72478        -0.57326        -7.10590         7.33466           0
         779       -34.11616         2.55868     -1500.27397        -1.32876        -0.07764       -65.67920        65.69269           0
         839       -43.28811         2.62155     -1499.62134        -0.56489         0.04549       -12.05896        12.07227           0
         852       -41.01177        -1.49271     -1499.78332        -0.02426        -0.00380        -0.67089         0.67134           0
         899       -44.48170         0.13663     -1499.53642        -0.23312         0.01927        -5.38622         5.39130           0
         932       -39.21598        -5.56033     -1499.91110         0.65077        -0.69569        -2.58396         2.75397           0
         932       -39.20727         4.10644     -1499.91172        -0.00071         0.00036        -0.05816         0.05816           0
         979       -33.89532        -4.56151     -1500.28969        -0.24127        -0.05170        -7.38305         7.38717           0
         992       -39.29297        -3.26943     -1499.90562        -0.30242         0.09022        -9.31633         9.32168           0
        1023       -34.92585         1.00792     -1500.21636        -0.28621         0.01269        -8.36726         8.37217           0
        1057       -39.80839        -6.29981     -1499.86894        -0.14055        -0.03263        -3.37615         3.37923           0
        1095       -39.69807         1.07137     -1499.87679         0.18461        -0.13750        -0.45622         0.51100           0
        1116       -36.00181        -1.88623     -1500.13980        -0.06271         0.00519        -1.86610         1.86717           0
        1213       -36.57760        -0.64314     -1500.09883        -0.46474        -0.01932       -15.66965        15.67656           0
        1213       -31.28814        -0.37272     -1502.48025         0.17809         0.05564         0.47572         0.51100           0
        1213       -41.74559        -0.45758     -1499.73110        -0.48916        -0.01378       -11.89255        11.90261           0
        1213       -32.89421         5.19854     -1500.36092        -0.10138         0.05071        -4.60288         4.60427           0
        1218       -32.26780        -0.14464     -1500.40549         0.66007        -0.49496        -1.26654         1.51155           0
        1221       -38.14991        -6.33881     -1499.98695        -0.18079        -0.07373        -5.38513         5.38867           0
        1223       -41.31880         1.02296     -1499.76147         0.23630        -0.15179        -0.42690         0.51100           0
        1266       -32.06489        -1.96441     -1500.41993         0.38875        -0.10044        -1.24748         1.31050           0
        1266       -36.51275        -7.10490     -1500.10344         0.06463        -0.15757        -0.48178         0.51100           0
        1266       -40.61455         0.24517     -1499.81158        -0.00125         0.00007        -0.04284         0.04286           0
        1271       -36.79202         5.55727     -1500.08357        -0.07944         0.03677        -2.95669         2.95798           0
        1271       -37.37839        -7.00406     -1500.04185        -0.04394         0.26678        -0.09946         0.28809           0
        1271       -40.87358        -3.53710     -1499.79315        -0.12688        -0.02794        -3.52216         3.52455           0
        1277       -34.03531        -0.74326     -1500.27972        -0.03325        -1.11098        -0.80088         1.36996           0
        1295       -42.02854         3.93606     -1499.71097        -0.05689         0.05601        -4.15257         4.15334           0
        1363       -33.87285         4.31931     -1500.29128        -0.12844         0.02473        -4.17277         4.17482           0
        1374       -39.75301        -3.90827     -1499.87288        -0.44179        -0.06700       -10.70424        10.71356           0
        1403       -38.96781         3.57576     -1499.92875        -0.00159         0.00007        -0.06032         0.06034           0
        1454       -41.96891        -3.86591     -1499.71521         0.41305         0.43188        -0.60337         0.84923           0
        1500       -39.93013        -6.39485     -1499.86028         1.05491        -1.51650        -1.23277         1.76792           1
        1500       -39.20506        -7.34916     -1500.82514         0.53005         0.76865        -0.58742         0.70471           1
        1500       -39.53174         0.71296     -1501.89368        -0.31470         0.20806         0.34466         0.51100           0
        1523       -31.05332         2.63249     -1500.49191        -0.15727         0.36250       -15.04354        15.04873           0
        1528       -32.71938        -5.63343     -1500.37336        -0.28539         0.17849        -3.32662         3.34361           0
        1582       -39.20145        -2.15463     -1499.91213        -0.50896        -0.24217       -19.95489        19.96285           0
        1610       -41.01571         1.65250     -1499.78304        -0.00134         0.00041        -0.15379         0.15380           0
        1636       -39.13677         6.44996     -1499.91673        -0.16832         0.04378        -4.14751         4.15116           0
        1652       -36.70884         6.04496     -1500.08949        -0.27577         0.08870        -7.30939         7.31513           0
        1715       -44.51833         1.61548     -1499.53381         1.67208         0.07947        -4.09412         4.42312           0
        1715       -39.51849        -2.52678     -1499.88957        11.07985        -2.74435       -18.20740        21.48963           0
        1717       -42.81292        -0.79808     -1499.65516        -0.28929        -0.04340        -6.82949         6.83575           0
        1766       -35.54512         6.59071     -1502.17735         0.20908         0.44660         0.13400         0.51100           0
        1855       -35.82656        -3.56268     -1500.15227        -0.11701         0.02471        -0.62447         0.63582           0
        1871       -35.56518         4.77864     -1500.17087        -0.23101         0.05375        -6.47245         6.47680           0
        1878       -36.68309         6.67050     -1500.09132        -0.64373         0.27261        -6.15481         6.19438           0
        1897       -36.71061        -1.17813     -1500.08936         1.13236        -0.42827       -34.69337        34.20725          -1
        1897       -35.06044         3.72424     -1500.20678         0.00616         0.00134        -0.15797         0.15810           0
        1912       -38.97387         4.58423     -1499.92832         1.48511         0.73882        -6.36231         6.57499           0
        1918       -41.69909         1.48752     -1499.73441        -0.07655        -0.00003        -1.55779         1.55967           0
        1930       -39.83728         1.56884     -1499.86689         0.24571         1.20947        -0.70785         1.42276           0
        1964       -39.11592        -1.51327     -1499.91822         0.26741         0.76570        -0.78260         1.12706           0
        1967       -36.20818         0.18887     -1500.12511        -0.53765         0.00423       -14.87557        14.88529           0
        2002       -31.93427        -3.20204     -1500.42922        -0.00841        -0.20108        -6.67021         6.67324           0
        2020       -44.36182         2.71464     -1499.54495         1.13322        -3.62120       -16.02023        16.46345           0
        2047       -30.37605        -1.28085     -1500.54010        -0.07105        -0.03760        -4.65999         4.66068           0
        2047       -40.19637         2.37570     -1501.84639        -0.14370         0.04053         0.20587         0.25432           0
        2093       -34.22297        -3.50225     -1500.26637        -0.14150         0.00561        -2.78202         2.78562           0
        2115       -43.29468         4.83700     -1499.62088         0.07735        -0.14895        -0.48265         0.51100           0
        2125       -36.86260        -2.43168     -1500.07855        -0.11896        -0.01454        -3.24875         3.25096           0
        2125       -38.17287        -5.32719     -1499.98532        -0.51498         0.39690        -4.14770         4.19836           0
        2125       -37.29186        -1.11944     -1500.04801        -0.17775         0.31988        -1.69244         1.73155           0
        2125       -41.17869         0.46216     -1499.77144        -0.07581         0.17132        -0.43408         0.47278           0
        2142       -34.19195        -5.90664     -1500.26858        -0.10183        -0.02776        -3.07371         3.07552           0
        2190       -30.41678        -0.87108     -1500.53720         0.43806        -0.03456        -0.54882         0.70306           0
        2245       -40.92157         6.49038     -1499.78973        -0.24869         0.15003        -6.71650         6.72278           0
        2283       -35.57819        -6.05756     -1500.16994         1.21410        -0.51062        -3.65329         3.88347           0
        2301       -33.64309        -1.31241     -1500.30763        -0.38696        -0.07568       -14.69876        14.70404           0
        2347       -42.32094        -2.39337     -1499.69016        -2.71249        -1.92190       -80.39291        79.95223          -1
        2349       -39.52293         1.23697     -1499.88925         0.20130        -0.06560        -0.51617         0.55790           0
        2349       -45.06103         1.48477     -1500.63112         2.70378         1.40048        -0.83015         2.68619           1
        2349       -40.01454        -7.13089     -1500.54548         0.81820         1.86197        -0.05949         2.03468           0
        2349       -45.16097         0.00658     -1499.94426         0.12115        -0.02420        -0.23084         0.26182           0
        2356       -34.30936        -2.77455     -1500.26022         0.51120        -0.70081        -1.98710         2.16819           0
        2374       -35.47154         0.51141     -1500.17753        -0.14764         0.02427        -4.54850         4.55096           0
        2427       -42.77716        -1.51238     -1499.65770        -5.42727         3.63004       -11.68289        12.88241           1
        2427       -33.47510        -5.52150     -1500.31959         0.21593         0.36912        -0.51749         0.67132           0
        2427       -39.23064        -5.54304     -1499.91005        -0.36674         0.18618        -1.10867         1.18250           0
        2431       -32.70175        -4.61799     -1500.37461         0.02375        -0.03481        -1.10345         1.10426           0
        2449       -40.54305        -2.26692     -1499.81667        -0.51739        -0.08686       -14.94639        14.95559           0
        2457       -37.11711         4.11255     -1500.06044        -0.46385         0.07678       -12.35020        12.35915           0
        2480       -38.41907         3.68051     -1499.96780        -1.36935         0.30237        -1.67216         1.73038          -1
        2565       -42.93733         1.57864     -1499.64630        -0.17348         0.00950        -3.72566         3.72971           0
        2632       -35.44438         6.44822     -1500.17946        -0.33270         0.37497        -0.07913         0.50750           0
        2650       -33.59625         5.74453     -1500.31097        -0.00638         0.09209        -2.13138         2.13338           0
        2778       -37.45853        -6.41665     -1500.03615         0.23876         2.46041        -4.01000         4.71070           0
        2779       -38.55251         1.87962     -1499.95830         0.00975         0.00497        -0.18223         0.18256           0
        2798       -34.76536         5.55069     -1500.22778        -0.01703         0.00900        -0.81369         0.81392           0
        2853       -39.53666        -1.18924     -1499.88828        -0.65046        -0.01398       -16.26438        16.27739           0
        2879       -43.32912        -1.74374     -1499.61843        -5.72091         2.51261        -9.97862        11.27357          -1
        2879       -43.23138         0.28513     -1499.62538        -1.70439         1.09891        -2.97126         3.59735           0
        2897       -36.77700        -6.54505     -1500.08464         0.64878         0.04794        -1.49979         1.63481           0
        2909       -41.08959         0.62147     -1499.77778        -1.23446         0.65397       -53.90508        53.41460           1
        2909       -40.67257        -0.28394     -1499.80745        -0.00474         0.00216        -0.17620         0.17627           0
        2927       -30.83068         0.59585     -1500.50775        -0.26005         0.00840        -0.58455         0.63984           0
        2927       -43.66070         3.80306     -1499.59483        -4.98370        -0.10207        -8.48442         9.84039           0
        2938       -40.72653         6.17807     -1499.80361        -0.49867        -2.32312        -7.86575         8.21679           0
        2999       -41.50795        -6.50109     -1501.58461         0.41694         4.22109       -14.16239        14.78394           0
        3000       -42.63944         4.30293     -1499.66750        -0.17336         0.02307        -3.85775         3.86171           0
        3024       -42.33119         0.63039     -1499.68943        -1.03001         0.02231       -22.67500        22.69839           0
        3039       -37.51357         3.14198     -1500.03223         0.37738         0.61509        -1.27174         1.46222           0
        3052       -45.17924         0.11563     -1500.21352         0.60314        -0.16139        -5.97094         6.00350           0
        3102       -41.44538        -3.36842     -1499.75246         0.40925         0.24070        -0.44095         0.64796           0
        3145       -35.74455        -2.35925     -1500.15810        -0.14186        -0.06181        -5.59866         5.60080           0
        3158       -42.31344        -3.79145     -1499.69070        -0.38711        -0.05839        -8.72061         8.72939           0
        3165       -32.55696        -4.30177     -1500.38492        -0.00104        -0.00399        -0.18449         0.18453           0
        3169       -36.57862        -1.24906     -1500.09876        -0.19348        -0.03675        -6.20699         6.21011           0
        3188       -32.93485         2.73225     -1500.35803         0.66003         0.14925        -1.13319         1.31986           0
        3201       -32.33769        -1.63360     -1500.40052         0.17744        -0.00741        -0.42465         0.46029           0
        3201       -43.91478         0.93976     -1499.57675        -0.10926         0.00000        -2.25023         2.25289           0
        3212       -38.23862        -6.58925     -1499.98064        -0.87098        -1.29233       -28.58988        28.12589          -1
        3293       -40.08052        -5.02417     -1499.84958         4.09851         0.94913       -11.10555        11.87568           0
        3312       -37.23024        -2.61361     -1500.05239        -5.60467        -0.58727      -148.72648       148.83320           0
        3317       -44.88563        -2.00363     -1499.91529         0.43006        -0.14305        -1.06802         1.16021           0
        3319       -39.36866         0.85237     -1499.90023         0.35759         1.20891        -8.44569         8.53926           0
        3323       -32.79483        -2.79104     -1500.36799        -0.20800        -0.71142        -0.11400         0.39647          -1
        3323       -33.86720        -6.44436     -1500.95035        -0.58776         0.35982        -0.24990         0.38259          -1
        3334       -31.60706        -0.90129     -1500.45251        -0.32376        -0.01820       -11.12685        11.13157           0
        3335       -36.20369         6.09954     -1500.12543        -3.36755        -0.21878      -164.49092       164.01533           1
        3401       -33.39439         1.04343     -1500.32533        -0.31295        -0.05816        -1.73859         1.76749           0
        3461       -41.91310         1.55050     -1499.71918         0.68141        -0.63544        -2.45952         2.63008           0
        3464       -36.87119        -0.02202     -1500.07794         0.08622        -0.08507        -0.56272         0.57561           0
        3503       -38.15935        -5.72165     -1499.98628         0.72605        -0.13791        -2.42286         2.53307           0
        3505       -33.21879         4.78776     -1500.33782        -0.16728         0.07302        -9.22073         9.22254           0
        3529       -42.85309        -0.49922     -1499.65230        -0.10101         0.05002        -2.63653         2.63894           0
        3555       -43.04768         0.82750     -1499.63845        -0.80955         0.14780        -0.85110         1.18389           0
        3561       -33.30346         3.78046     -1500.33180        -0.07997        -0.09001        -7.76121         7.76214           0
        3576       -42.44138         3.77392     -1499.68159         0.75403        -0.56685        -1.94546         2.16210           0
        3592       -37.67277         6.21530     -1500.02090        -0.04647        -0.63266        -1.31291         1.45814           0
        3602       -37.98095        -3.41662     -1499.99897        -0.02930         0.00127        -1.09319         1.09358           0
        3623       -32.94225        -4.73058     -1500.35750        -0.11441        -0.02638        -3.66893         3.67081           0
        3626       -30.92131         2.65898     -1500.50130        -0.16238         0.93725        -1.53463         1.80552           0
        3634       -32.09279        -0.64637     -1500.41794         1.05317         0.40078       -74.38711        73.88640           1
        3657       -32.75430        -3.76471     -1500.37087        -0.11241        -0.02113        -3.64078         3.64258           0
        3690       -37.85431         0.94566     -1500.00798        -2.09022         0.07777       -54.12137        54.16177           0
        3731       -38.16960         3.11709     -1499.98555        -0.00757         0.12465        -4.02718         4.02912           0
        3732       -34.84876         4.32162     -1500.22184         0.22427         0.11450        -1.09055         1.11924           0
        3774       -37.55225        -3.01522     -1500.02948         0.22714        -0.23804        -1.13593         1.18262           0
        3776       -34.81338        -6.91521     -1500.22436        -0.90232        -0.31333       -26.20166        26.21906           0
        3839       -30.79332         2.30589     -1500.51041        -0.14256         2.48995        -9.09954         8.93797          -1
        3877       -38.05211         6.19257     -1499.99391        -0.31440        -0.53788        -1.44408         1.57274           0
        3895       -41.39280         2.99583     -1499.75621         0.05864        -0.23312        -3.01045         3.02003           0
        3919       -30.93507         2.23177     -1500.50032        -0.22619        -0.13154        -1.32640         1.35196           0
        3936       -39.16657        -7.14872     -1499.91461         0.12575        -0.23044        -2.10557         2.12187           0
        3936       -34.29330         4.50921     -1500.26137         7.17812         5.58098       -39.67884        40.19949           1
        3936       -34.58844         5.62015     -1500.24037         0.04715         0.04460        -0.26549         0.27330           0
        3936       -35.72607         3.80114     -1500.15942         0.24431         0.20364        -1.61993         1.65086           0
        3936       -37.63455        -0.57264     -1500.02362         1.80498         0.42583       -16.95262        17.05376           0
        3936       -42.70590         3.83891     -1499.66277        -0.00272         0.12022        -0.87317         0.88141           0
        3936       -37.33057         3.97963     -1500.04525         0.26057         0.29735        -2.16830         2.20405           0
        3936       -40.20370        -5.88427     -1499.84081         0.07643        -0.11911        -1.46389         1.47072           0
        3980       -32.79188        -4.49811     -1500.36820        -0.76918        -0.38479       -30.51255        30.52467           0
        3989       -37.15413         7.01160     -1500.05781         3.98638         3.12232        -3.60093         5.72342           1
        3989       -34.93409         6.94399     -1501.81563        -0.03845        -0.43894        -0.25879         0.51100           0
        3989       -42.16664         3.87310     -1499.70114         0.20287         0.14189        -0.20620         0.32219           0
        4016       -35.37802        -0.65879     -1500.18418         0.01909        -0.00045        -0.40585         0.40630           0
        4024       -37.93390        -6.16820     -1500.00232        -0.01159        -0.00429        -0.32729         0.32752           0
        4026       -33.15127        -3.59426     -1500.34263        -0.31293        -0.20585       -13.61763        13.62278           0
        4048       -39.30418        -5.41863     -1499.90482        -0.32652         0.04047        -0.68603         0.76085           0
        4052       -38.64803        -7.24539     -1499.95151        -1.77501        -0.10020        -5.61312         5.88794           0
        4055       -39.03307        -1.02733     -1499.92411        -0.27571         0.01983       -11.32288        11.32625           0
        4075       -43.22197        -1.98156     -1499.62605        -0.02641        -0.03445        -1.16842         1.16923           0
        4083       -32.46490         3.45852     -1500.39147         1.25330        -0.73219        -2.64078         3.01340           0
        4102       -37.04934         6.83742     -1500.06526        -0.13208        -2.18510       -11.33207        11.04188          -1
        4111       -40.08587         1.63558     -1499.84920        -0.10850         0.00697        -2.56499         2.56730           0
        4181       -39.39776        -7.16493     -1499.89816        -0.13056        -0.05831        -2.70012         2.70390           0
        4187       -34.87124        -4.25729     -1500.22024        -0.59105        -0.19379       -22.04726        22.05604           0
        4211       -43.26437         4.66455     -1499.62303         0.40090        -0.22770        -0.22034         0.51100           0
        4324       -36.29577        -1.44378     -1500.11888        -0.51601        -0.06234       -15.31214        15.32096           0
        4325       -44.42065        -0.34234     -1499.54076        -0.10574         0.00979        -0.18575         0.21396           0
        4349       -38.54530        -0.27397     -1499.95882        -0.16721         0.00510        -4.46032         4.46345           0
        4413       -35.77024        -0.66821     -1500.15628        -1.01119        -0.03848       -28.03722        28.05547           0
        4440       -39.80951         5.14475     -1499.86886         0.08039         0.06745        -0.67236         0.68050           0
        4440       -41.88363         0.62338     -1499.72128         0.09028        -0.00464        -1.29839         1.30153           0
        4475       -35.15146        -5.49347     -1500.20031        -2.26929        -1.75624      -115.13427       115.17003           0
        4523       -42.45445         0.49038     -1499.68066        -0.07379         0.00115        -1.61794         1.61962           0
        4526       -41.39209        -2.49047     -1499.75626         2.10187        -9.32303        -5.57392        10.56449           1
        4526       -43.69555        -4.43594     -1499.81406         0.50009        -0.10433        -0.01218         0.51100           0
        4526       -44.13658         0.08935     -1499.56097         0.56546        -5.63894       -10.55645        11.48138          -1
        4566       -43.95902        -1.59719     -1499.57361         0.24882        -0.49957        -0.82321         0.99456           0
        4568       -41.12320        -3.80343     -1499.77539         0.26252        -0.62207        -2.43396         2.52587           0
        4568       -40.28789         2.17130     -1499.83482         0.06846        -0.10726        -0.47651         0.49320           0
        4568       -30.87797        -2.08683     -1500.50438         0.79615        -0.40664        -0.90107         1.26930           0
        4590       -40.80271        -2.06477     -1499.79819        -2.21682        -0.01266       -57.73443        57.77697           0
        4600       -39.45097         4.58806     -1499.89438        -0.12741        -0.53138        -4.70136         4.73301           0
        4617       -40.76713        -2.84696     -1499.80072        -0.04015        -0.01036        -1.08547         1.08626           0
        4682       -37.14418        -5.65174     -1500.05851        -0.05559        -0.08546        -2.77148         2.77336           0
        4707       -31.53349        -3.91311     -1500.45774        -0.18009        -0.33908       -19.22292        19.22675           0
        4781       -33.21390         1.31061     -1500.33817        -0.01501         0.01857        -0.94912         0.94942           0
        4784       -37.86809         2.06567     -1500.00700        -0.13934         0.03693        -2.55998         2.56403           0
        4824       -38.46