          10       -41.78062        -3.35340     -1499.72861         0.39681        -0.03518        -1.58307         1.63243           0
          11       -39.36020        -0.65608     -1499.90083        -0.01057         0.02512        -1.14937         1.14969           0
         111       -38.91435         3.98886     -1499.93256         2.13029        -1.36102        -2.57447         3.60810           0
         167       -43.12350         2.69998     -1499.63306        -0.30192         0.02707        -6.46828         6.47538           0
         227       -38.11094         2.61860     -1499.98972        -0.07967        -0.01090        -2.69659         2.69779           0
         244       -33.33126         3.36446     -1500.32982        -0.27719        -0.01920        -7.79729         7.80223           0
         267       -37.39052        -0.71897     -1500.04099        -0.45422        -0.01343       -11.96783        11.97645           0
         285       -34.16677        -2.31633     -1500.27037        -0.17879         0.00752        -2.20918         2.21641           0
         332       -35.22029         1.29291     -1500.19541         0.01220         0.03209        -0.52382         0.52495           0
         336       -34.07228         1.96353     -1500.27709        -0.47342        -0.04601       -15.09450        15.10199           0
         367       -43.27136         2.08047     -1499.62254         0.02703         0.09151        -0.51468         0.52345           0
         367       -43.00778        -0.29764     -1499.64129        -1.17471        -0.13064       -29.21935        29.24325           0
         403       -30.99711         2.85481     -1500.49591        -0.00102         0.00452        -0.27154         0.27158           0
         459       -37.64861        -4.79264     -1500.02262        -0.14780        -0.02834        -3.86154         3.86447           0
         466       -39.53362         4.91712     -1499.88849        -1.05711        -0.86323       -58.04237        58.05841           0
         512       -33.88063         1.61507     -1500.29073        -0.24053         0.02502        -7.76830         7.77206           0
         516       -41.99323        -4.69525     -1499.71348        -0.10438        -0.06852        -3.89192         3.89392           0
         524       -43.94302         3.76451     -1499.57474        -0.08679        -0.00759        -2.07068         2.07251           0
         524       -32.85944         4.10824     -1500.36339        -0.03054        -0.00553        -1.88334         1.88360           0
         529       -35.13711         6.55650     -1500.20133        -0.22451         0.06464       -10.69738        10.69993           0
         584       -34.88562         4.12655     -1500.21922        -0.17215         0.03044        -5.18602         5.18896           0
         610       -31.67569         1.26450     -1500.44762         0.90673        -0.01836        -2.64775         2.79876           0
         640       -43.61483        -1.93508     -1499.59810        -0.30812        -0.02053        -6.53495         6.54224           0
         658       -35.97616         6.10552     -1500.14162         1.00754         0.84052        -2.05080         2.43463           0
         670       -39.84328        -4.42074     -1499.86646        -0.83453        -0.15767       -21.72314        21.73974           0
         670       -38.23699        -2.05190     -1501.98581         0.07599         0.06211         0.23940         0.25873           0
         732       -31.90061        -3.32768     -1500.43162        -0.18692        -0.03379        -6.17459         6.17751           0
         764       -35.48021        -1.16554     -1500.17691        -0.01290         0.01004        -1.61826         1.61835           0
         816       -37.29804        -4.54816     -1500.04757        -0.04956         0.01566        -1.54302         1.54390           0
         858       -37.12203        -2.85978     -1500.06009         0.12227        -0.21149        -0.41349         0.48027           0
         862       -38.44653        -1.99128     -1499.96585        -0.06291         0.25802        -1.49310         1.51654           0
         871       -39.00593         1.40556     -1499.92604         0.13523         0.21979        -1.22786         1.25468           0
         897       -41.03437        -0.14384     -1499.78171        -0.02413         0.00476        -0.66647         0.66692           0
         992       -36.56085        -6.89224     -1500.10002        -0.06527         0.36041        -0.91536         0.98592           0
         999       -33.31448        -4.68204     -1500.33101        -0.19620        -0.04941        -9.35068         9.35287           0
        1019       -44.72750         2.73723     -1501.14122         0.36144         0.03458        -0.55045         0.65941           0
        1019       -41.83497        -5.21019     -1499.72474         0.49755        -0.21508        -1.65888         1.74519           0
        1063       -40.29675        -6.52491     -1499.83419        -0.23559        -0.42001        -0.42399         0.64162           0
        1071       -30.66927        -2.64769     -1500.51923        -0.00236        -0.00975        -0.44270         0.44281           0
        1089       -41.50215        -0.62028     -1499.74842         0.50608        -0.12649        -0.66418         0.84454           0
        1133       -33.06335        -4.22026     -1500.34888         0.14932         0.31530        -0.68505         0.76877           0
        1133       -30.50630        -2.18781     -1500.53083         6.07358         4.81471        -7.54769        10.31945           1
        1133       -40.07395         3.34415     -1499.85005         1.16947        -3.99803        -6.14316         7.42229           0
        1152       -42.03134         1.98487     -1499.71077        -0.10837        -0.16176        -0.73181         0.75727           0
        1162       -40.45581        -2.21535     -1499.82288        -0.09440        -0.00649        -2.68154         2.68321           0
        1167       -34.14435        -1.14121     -1500.27197         0.01724        -0.01920        -0.19891         0.20058           0
        1173       -31.03628        -3.46418     -1500.49312        -0.00695        -0.05305        -0.06478         0.08401           0
        1177       -45.05953         0.39766     -1499.49530        -0.11967        -0.20570        -0.65241         0.69446           0
        1182       -30.30904        -0.18691     -1500.54487        -0.11352        -0.02136        -8.13068         8.13151           0
        1192       -38.75544        -0.18946     -1499.94387         1.71154         0.45908        -6.14804         6.39833           0
        1202       -37.33412         3.92713     -1500.04500        -5.67900         3.75960        -8.25605        10.20390           1
        1202       -30.77400         1.49291     -1500.51178        -1.02463         1.69240        -7.38814         7.64845           0
        1228       -43.28598         2.03153     -1499.62150        -0.33242         0.02310        -7.01539         7.02330           0
        1261       -43.56604        -0.66935     -1499.60157        -0.22051        -0.00572        -4.67846         4.68365           0
        1281       -44.73425         1.20605     -1499.51845        -1.05845         0.42834        -2.47164         2.25918          -1
        1281       -36.95317        -4.22698     -1500.07211        -0.01668        -0.00123        -0.07757         0.07935           0
        1282       -36.92681        -0.31303     -1500.07398         2.89479        -3.58830        -6.71368         8.14427           0
        1282       -38.29157         3.50028     -1499.97687         0.65081        -0.63717        -1.73841         1.96255           0
        1299       -39.43856         7.28216     -1499.90961        -0.05748        -0.27870        -0.08966         0.29836           0
        1304       -37.89226         7.49668     -1500.31701        -0.30102        -1.25578        -3.40950         3.64586           0
        1310       -36.37357         5.73976     -1500.11335        -0.23969         0.05725        -6.59345         6.59806           0
        1322       -36.24712        -5.61790     -1500.12234        -2.78629        -0.66988       -76.93241        76.98576           0
        1366       -43.15651         0.98064     -1499.63071        -0.40340         0.03944        -9.49087         9.49952           0
        1378       -39.48498         5.64382     -1499.89196         0.15858         0.03609        -0.55027         0.57380           0
        1410       -32.11029         3.59679     -1500.41670         0.12211        -0.05562        -0.38993         0.41237           0
        1411       -35.19173        -6.89322     -1500.19744        -0.13026        -0.04000        -3.80547         3.80791           0
        1435       -35.68760        -2.24123     -1500.16216        -0.12553        -0.01969        -4.96448         4.96611           0
        1441       -32.08365        -4.97786     -1500.86787        -0.04511         0.19577         0.13127         0.23999           0
        1445       -37.10398        -2.38424     -1500.06137         0.25833        -0.25816        -0.38099         0.52776           0
        1472       -38.95990         0.84470     -1499.92932        -1.85541         0.95485        -2.62721         2.88277           1
        1472       -35.50546         7.15320     -1501.67879         0.12996        -0.13056         0.09743         0.20839           0
        1472       -39.76320         4.31651     -1499.87216        -4.28690         2.95372        -5.97052         7.42690           1
        1472       -39.22767         3.37156     -1499.91026        -1.42525         0.84153        -2.03793         2.62539           0
        1481       -32.74499         3.82569     -1500.37154        -0.27248         0.05139        -8.88787         8.89220           0
        1483       -36.83910        -5.63811     -1500.08022        -0.42756        -0.32321       -18.23655        18.24443           0
        1503       -31.02362         2.75952     -1502.49908         0.12677        -0.04655         0.24667         0.28122           0
        1558       -40.35078         1.38831     -1499.83035        -0.23365         0.01877        -6.29251         6.29687           0
        1560       -35.34439        -0.81767     -1500.18658        -0.24994        -0.00878        -7.17444         7.17880           0
        1575       -43.45385        -4.84987     -1501.01896         0.45646        -0.23688        -1.37709         1.46998           0
        1575       -33.34361        -3.48459     -1500.32894         2.58813        -0.57496        -1.98939         3.31462           0
        1575       -45.14121        -0.55942     -1499.96095         0.43863        -0.05723        -0.95368         1.05128           0
        1575       -45.11908        -0.73400     -1499.86281         0.26421         0.07708        -0.67385         0.72789           0
        1603       -43.15548        -0.06661     -1499.63078        -2.09864        -5.75572       -19.87343        20.79629           0
        1603       -35.76729        -0.57247     -1500.15649         1.23935        -2.42693        -8.03493         8.48446           0
        1603       -33.93816         6.46262     -1501.51315         0.93602        -1.20366        -1.49683         2.13669           0
        1603       -41.28937         6.59209     -1500.80718         0.89360        -0.79175        -2.40910         2.68871           0
        1723       -30.86987        -0.73768     -1500.50496        -2.49226         2.36252       -34.99031        34.65114          -1
        1723       -31.11729        -0.91406     -1500.48736        -0.42048         0.31384        -5.29943         5.32534           0
        1732       -41.93744         3.47428     -1499.71745        -0.80787         0.09178       -17.97655        17.99493           0
        1748       -41.09451         1.62886     -1499.77743        -0.11332         0.00669        -2.58981         2.59230           0
        1758       -41.43283         5.81450     -1499.75336         0.29086        -0.15838        -0.14914         0.36322           0
        1763       -42.68256         0.91856     -1499.66443         1.43629        -0.54100       -64.76727        64.78546           0
        1763       -42.46465         0.29505     -1499.67994         0.09407        -0.08524        -3.35037         3.35277           0
        1763       -41.06885         3.99711     -1499.77926         0.64134         0.72699        -9.64943         9.69800           0
        1763       -32.72334        -1.01259     -1500.37308         0.24308        -0.08657        -0.84642         0.88488           0
        1778       -37.35684        -1.93515     -1500.04338        -0.16777         0.03876        -6.87315         6.87531           0
        1851       -40.31714        -6.35671     -1499.83274        -0.15189         0.01626        -1.94300         1.94899           0
        1890       -43.90931        -0.79074     -1499.57714        -0.42108        -0.11848        -9.93652         9.94615           0
        1917       -33.24271        -5.71549     -1500.33612        -0.07125        -0.05375        -2.52486         2.52643           0
        2019       -33.43378        -2.66958     -1500.32253        -0.10256        -0.02449        -0.46109         0.47299           0
        2019       -34.24894         5.03378     -1500.26452        -0.30680         0.28992        -0.92886         1.02027           0
        2020       -37.82475         6.11243     -1500.01009         0.14828         0.08811        -1.24122         1.25314           0
        2020       -38.32576         0.57206     -1499.97444        -0.11564         0.01584        -4.51723         4.51874           0
        2029       -37.09706        -1.21467     -1500.06187        -0.13945        -0.00686        -3.71689         3.71952           0
        2080       -37.69857         5.38205     -1500.01907        -0.30405         0.06523        -7.90873         7.91484           0
        2084       -32.68647         0.70005     -1500.37570        -0.09577        -0.03227        -4.64544         4.64654           0
        2137       -37.85406        -1.38776     -1500.00800         1.42297         3.19838       -19.78624        20.09352           0
        2137       -38.33629        -1.21291     -1499.97369         0.68684         1.89358       -11.40146        11.57803           0
        2137       -31.91983         0.52596     -1500.43025         0.52101         0.47032        -2.28475         2.39013           0
        2137       -37.75747        -1.55632     -1500.01488         0.05175         0.10977        -0.69575         0.70625           0
        2137       -37.14647        -2.07862     -1500.05835         0.24165         0.39399        -2.71470         2.75376           0
        2152       -37.91747        -3.77148     -1500.00349        -0.19692        -0.03328        -5.02980         5.03377           0
        2157       -42.00771         0.47799     -1499.71245        -0.58836        -0.38646       -34.30676        34.31398           0
        2160       -38.99121        -2.75912     -1499.92709        -0.25230        -0.02670        -6.25002         6.25517           0
        2250       -40.38877        -1.70114     -1499.82765        -0.09929        -0.00600        -2.33829         2.34040           0
        2281       -36.11645        -5.01969     -1500.13164        -0.48591        -0.32467        -0.77639         0.58692          -1
        2281       -33.30632         4.26725     -1500.33160        -0.02681         0.01487        -2.60150         2.60168           0
        2312       -37.37453        -1.99302     -1500.04212         1.46999         0.84311        -2.21891         2.32738           1
        2318       -35.67914        -1.25715     -1500.16276         4.31087        -3.81826        -8.64686        10.38898           0
        2318       -33.61499         1.32587     -1500.30963         0.69631        -0.37210        -1.17413         1.41489           0
        2318       -42.72300         5.29249     -1499.66155         1.93186        -1.75214        -6.86832         7.34683           0
        2327       -33.68999         1.15806     -1500.30430         1.05707        -0.97939        -1.90104         2.38549           0
        2423       -40.69225         5.45243     -1499.80605        -0.08882         0.01054        -2.06501         2.06695           0
        2430       -36.80225        -6.01788     -1502.08790         1.57282         0.03370         0.89233         1.36844          -1
        2436       -44.05356         0.68996     -1499.56688        -1.87161         0.04213       -38.76500        38.81018           0
        2444       -39.41428        -1.14566     -1499.89699        -0.16923        -0.00950        -3.97924         3.98284           0
        2444       -35.94069        -6.42692     -1500.14415        -0.72896        -0.24261       -20.19575        20.21036           0
        2453       -39.04050         0.55337     -1499.92358        -7.01090        -0.18086      -238.03190       237.62474           1
        2506       -43.56259        -3.64481     -1499.60181         0.51289        -0.09695        -0.11426         0.53433           0
        2518       -34.60276        -5.93638     -1500.23935         0.53603         0.61905        -0.61275         1.02274           0
        2526       -36.03746         3.22690     -1500.13726        -0.50183         0.08234       -13.77702        13.78640           0
        2548       -42.72438        -4.12467     -1499.66146        -0.48459        -0.07763       -13.27018        13.27925           0
        2560       -34.64208        -1.88945     -1500.23655         0.22935         0.10463        -1.78873         1.80640           0
        2626       -40.51390         2.49031     -1499.81874        -0.13054         0.02260        -4.01003         4.01222           0
        2626       -39.36446         2.49623     -1499.90053        -0.14443         0.02734        -4.84066         4.84289           0
        2626       -39.76571        -4.52082     -1499.87198        -0.05115        -0.01808        -1.66107         1.66195           0
        2626       -44.04219         3.44919     -1499.56769         0.72829         0.40110        -1.24193         1.06849           1
        2626       -44.11625         2.58223     -1499.56242         0.43734        -1.46409        -0.74997         1.26618          -1
        2626       -43.58999         0.90165     -1500.42212         0.43588        -1.44856        -0.77415         1.26347          -1
        2626       -43.58999         0.90165     -1500.42212         0.03060        -0.01294         0.03744         0.00245          -1
        2632       -44.91265         1.99668     -1500.26787         0.98202         0.21345        -2.10901         2.33621           0
        2806       -38.60618        -2.65165     -1499.95449         0.00582        -0.54993        -1.16159         1.28520           0
        2840       -31.67606        -0.29035     -1500.44760        -0.11481         0.50933       -24.24457        23.74457          -1
        2840       -39.28520        -2.76070     -1499.90617        -0.00040         0.00004        -0.02133         0.02134           0
        2857       -38.97796         6.45371     -1499.92803        -0.31730         0.96031       -41.60901        41.11343          -1
        2862       -38.67460        -1.98700     -1499.94962        -0.00018        -0.00086        -0.03367         0.03368           0
        2862       -40.81562        -2.95063     -1499.79727        -0.00382        -0.00873        -0.30253         0.30268           0
        2891       -36.24404         1.34401     -1500.12256        -0.59697         0.03349       -16.49095        16.50179           0
        2910       -33.41014         6.04616     -1500.32421        -0.35085         0.11471       -11.41623        11.42220           0
        2918       -38.58117         5.18030     -1499.95627        -0.74083         0.17976       -22.20692        22.22000           0
        2974       -33.28016        -4.45149     -1500.33346         0.00033        -0.02911        -0.40700         0.40804           0
        3064       -41.49741        -0.76787     -1499.74876        -0.00201         0.00137        -0.12262         0.12265           0
        3069       -40.76139        -1.34926     -1499.80113         0.90192        -0.37603       -10.70337        10.74789           0
        3078       -36.36193        -2.54766     -1500.11417        -0.34348        -0.03652        -9.43271         9.43903           0
        3090       -32.24020         5.17347     -1500.40745        -0.04181         0.00811        -1.27779         1.27850           0
        3093       -37.61113        -0.84538     -1500.02529        -0.15516         0.04398        -6.00720         6.00937           0
        3096       -35.17585        -5.40859     -1502.20363         0.06234        -0.38168         0.16790         0.42161           0
        3122       -34.53305        -2.99842     -1500.24431        -1.17924         2.52981       -19.61373        19.81134           0
        3142       -39.48530        -2.18847     -1499.89193        -0.29833         0.42287       -13.41388        13.42386           0
        3148       -35.05747         0.86493     -1500.20699         0.43756         0.18501        -0.18823         0.51100           0
        3156       -39.93389        -5.78723     -1499.86001        -0.06901         0.70945        -2.21643         2.32823           0
        3193       -37.57623         2.53831     -1500.02777        -0.95705         0.24278       -31.36324        31.37878           0
        3193       -35.28490        -0.99616     -1500.19081        -0.57715         0.86246        -5.00313         5.10962           0
        3215       -36.96111         3.43680     -1500.07154         0.63781        -0.22881        -1.52024         1.66442           0
        3237       -31.02570        -0.18708     -1500.49387         0.13660        -0.71226        -0.55045         0.91047           0
        3261       -30.68787         2.69125     -1500.51791        -0.75205         0.09960       -26.66645        26.67724           0
        3287       -34.91657        -2.07940     -1500.21702        -0.25429        -0.02340        -7.43556         7.43994           0
        3290       -38.85010        -1.25907     -1499.93713        -1.07185        -0.05159       -35.47539        35.49162           0
        3294       -41.86593         4.38634     -1499.72254        -0.41576         0.06158        -9.29588         9.30538           0
        3301       -31.52010         0.74070     -1500.45869        -2.04994        -2.96504        -5.88563         6.90176           0
        3301       -39.75731        -2.99916     -1499.87258        -3.06560        -1.54656        -1.32584         3.20501          -1
        3340       -41.92640        -1.04237     -1499.71824        -0.52720        -0.01853       -11.76175        11.77358           0
        3355       -43.42268        -1.97615     -1499.61177        -0.31344         0.04414        -0.44594         0.54686           0
        3355       -36.95728        -7.46735     -1500.17018        -0.29079         0.79140        -0.37428         0.92248           0
        3362       -33.15146         1.33199     -1500.34261        -0.03308         0.00406        -1.11512         1.11562           0
        3384       -32.29908         0.04196     -1500.40326        -1.05032         0.00140       -34.76316        34.77902           0
        3415       -36.15053         0.40570     -1500.12922        -1.25093         3.42029      -136.76101       136.29945          -1
        3429       -38.12757         2.57167     -1499.98854         0.14850         0.19517        -0.36033         0.43587           0
        3498       -32.25069        -4.02846     -1500.40671        -0.05023         0.02152        -1.55855         1.55951           0
        3509       -30.91409        -3.06969     -1500.50181         0.04322         0.00153        -0.36381         0.36637           0
        3517       -34.32140         1.26863     -1500.25937        -0.03674        -0.00309        -1.58307         1.58350           0
        3525       -38.79747         2.89086     -1499.94087        -0.01918         0.01044        -0.70414         0.70447           0
        3657       -31.94986        -0.24791     -1500.42811        -1.94962         0.48683      -135.81518       135.83004           0
        3661       -38.20834        -3.92686     -1499.98279         0.91093        -0.16530        -1.60062         1.84908           0
        3661       -33.02689        -5.15789     -1500.35148         5.73111        -1.67645       -10.55084        12.12339           0
        3661       -34.81386         0.00296     -1500.22433         0.92515         0.03702        -2.06761         2.26545           0
        3661       -36.65266         0.45964     -1500.09349         0.99767         0.09458        -2.39924         2.60012           0
        3665       -36.50311        -6.19378     -1500.10413        -0.03662        -0.01618        -1.07902         1.07976           0
        3751       -35.66586         1.10977     -1500.16370        -0.03787         0.00334        -0.86561         0.86645           0
        3764       -37.17082         2.30288     -1500.05662        -0.00154         0.00174        -0.08857         0.08860           0
        3775       -43.60024         2.56580     -1499.59914         0.04767         0.47804        -5.88264         5.90222           0
        3833       -34.95770         1.36988     -1500.21409        -0.83479        -0.07109       -30.46234        30.47386           0
        3856       -42.66504         0.87703     -1499.66568        -0.15343         0.01582        -3.34281         3.34636           0
        3859       -41.06174         1.75091     -1499.77976        -0.00515        -0.00097        -0.16346         0.16354           0
        3865       -30.22905         0.01352     -1500.55056         1.78224        -1.49530       -15.11970        14.79517          -1
        3865       -30.21962        -0.09458     -1501.29304        -6.74717         3.14684       -10.24633        12.16478          -1
        3883       -36.34123        -3.05179     -1500.11565        -0.53735        -0.12808       -14.56941        14.57988           0
        3964       -40.79093         1.73777     -1499.79903         0.25641        -0.31684        -0.06810         0.41325           0
        3964       -44.66470         2.88460     -1501.09818         0.90433        -0.84854        -0.36091         1.29154           0
        3972       -36.04599         6.09345     -1500.13665         1.45381        -1.37972        -4.87863         5.27429           0
