           0       -32.55504         1.39608     -1500.38505        -0.03184        -0.04174        -3.06127         3.06172           0
           7       -38.29307         1.03497     -1499.97676         0.10605        -0.12528        -0.95542         0.96941           0
          25       -31.79700         3.56158     -1500.43899         0.29444        -1.43428      -122.46719       121.96601           1
          25       -34.07448         3.18791     -1500.27694        -0.00081        -0.00317        -0.25958         0.25960           0
          25       -36.02321         6.26542     -1500.13828        -0.03315        -0.01415        -3.87001         3.87018           0
          76       -41.31152         2.17474     -1499.76199        -0.28257         0.01972        -5.83237         5.83924           0
         105       -39.33713         4.00817     -1499.90248        -0.14337         0.02222        -3.54871         3.55167           0
         202       -32.58748        -1.70091     -1500.38274         1.79222        -1.54223      -132.75039       132.26143          -1
         202       -31.51675        -2.38800     -1500.45893         0.00060        -0.00044        -0.02179         0.02181           0
         202       -39.04014        -4.87937     -1499.92361        -0.59632         0.63723        -0.25781         0.91001           0
         202       -32.69423        -3.73706     -1500.37515        -0.15438         0.82381        -0.40883         0.93255           0
         202       -33.92867        -6.50224     -1500.28731        -0.20447         0.12678        -0.41207         0.47716           0
         202       -34.46297        -5.52731     -1500.24929        -0.45042         0.31580        -0.22823         0.59556           0
         281       -36.41321        -7.29452     -1500.11053        -0.01079        -0.00842        -0.54683         0.54700           0
         281       -35.27928        -0.28343     -1502.19627         0.02438         0.13201         0.13723         0.19197           0
         288       -35.25342         2.86093     -1500.19305         0.16486         0.11328        -0.63229         0.66317           0
         290       -41.95857         2.34230     -1499.71595        -0.11593         0.00881        -2.56527         2.56790           0
         311       -30.94725        -3.23128     -1501.21722        -0.78214         0.74228        -1.14731         1.57450           0
         323       -34.41299        -1.91409     -1500.25285        -0.12873         0.05902        -6.94468         6.94612           0
         384       -30.51471         0.20314     -1500.53023         0.03679         0.01610        -6.24161         6.24174           0
         391       -43.78929        -3.98042     -1499.58568         0.88802        -1.48064        -3.30267         3.72673           0
         413       -32.90577        -3.08723     -1500.36010        -0.00025         0.00001        -0.03299         0.03299           0
         429       -38.01791        -3.29690     -1499.99634         2.55804        -1.45113       -32.90595        32.53007           1
         430       -38.47018         3.46908     -1499.96416         0.50556        -0.28210        -0.71258         0.91812           0
         445       -33.30061         1.98768     -1500.33200        -0.01783         0.19464        -0.47214         0.51100           0
         447       -43.16538        -1.95772     -1499.63008        -0.93081        -0.06035       -19.84768        19.86959           0
         491       -38.39410         1.33328     -1499.96958         5.17573        -1.25361        -2.76553         5.51137          -1
         491       -43.93716         2.15735     -1499.57516         0.20827        -0.22248        -0.94153         0.98963           0
         491       -43.70310         1.69699     -1499.59182         0.08649        -0.10660        -0.28267         0.31424           0
         528       -37.47950         5.06856     -1500.03465        -0.08720        -3.97591        -6.62741         7.72904           0
         545       -36.27406        -1.31687     -1500.12043        -0.36584        -0.01589       -10.55936        10.56571           0
         546       -33.55052         4.11060     -1500.31422         1.86599        14.65535       -14.27751        20.04063           1
         546       -37.78610         3.91094     -1500.01284        -0.09805         0.41122        -0.39663         0.57968           0
         546       -32.69156        -4.99736     -1500.37534         0.12228         0.39130        -1.12663         1.19890           0
         546       -39.28778        -6.31784     -1499.90599        -1.93095         0.40713        -7.46718         7.22943          -1
         546       -42.43119        -2.18673     -1499.68232        -0.01062         0.00744        -0.02494         0.02811           0
         546       -39.34799        -5.11640     -1499.90170        -0.60122         0.33249        -1.68507         1.81975           0
         552       -36.10164        -6.11865     -1500.13270        -0.32042        -0.18140       -14.32525        14.32998           0
         552       -39.13919        -5.23809     -1499.91656        -0.23005        -0.08264        -7.79296         7.79680           0
         600       -36.47088         2.42101     -1500.10642         0.34394         0.44051        -0.43860         0.71043           0
         632       -43.29479        -0.53751     -1499.62087         0.26665        -0.53034        -0.35477         0.69154           0
         635       -38.98611         6.29726     -1499.92745        -0.03683         0.03122        -1.50921         1.50998           0
         635       -30.28055        -0.60426     -1501.81425        -0.38860        -0.20756        -0.04026         0.44240           0
         635       -39.13938        -6.88123     -1499.91655        -0.02838        -0.01348        -1.26326         1.26365           0
         696       -44.55758        -3.03464     -1500.50069         0.63687         0.83737        -1.35552         1.71587           0
         731       -40.84152         1.91631     -1499.79543         1.01390         0.74362        -2.22766         2.55801           0
         754       -39.20909         7.02505     -1499.91159        -0.64207         0.14332       -15.34787        15.36197           0
         798       -37.32806         3.96035     -1500.04543        -0.95130         0.24515       -27.31186        27.32952           0
         814       -40.74972        -3.43831     -1499.80196        -1.02468        -0.12066       -26.27647        26.29672           0
         816       -32.95536         4.80861     -1500.35657         2.97125        -0.32448        -7.05664         7.16956           1
         836       -33.32833         2.13203     -1500.33003        -0.30008         0.01319        -8.55444         8.55971           0
         840       -40.65932        -6.76561     -1499.80840        -0.05813         0.54367        -0.78922         0.96012           0
         893       -36.68614        -1.09442     -1500.09111        -0.00533         0.00097        -0.16588         0.16597           0
         899       -32.80134        -1.54177     -1500.36753        -0.29004         0.23190       -22.20343        21.70141           1
         901       -45.01349        -1.44392     -1499.84837         0.46962        -0.04634        -0.19604         0.51100           0
         951       -34.57147        -6.29064     -1500.24157         0.23231        -0.26969        -1.23209         1.28247           0
         967       -39.62115        -5.17969     -1499.88227        -0.01291        -0.00479        -0.42071         0.42094           0
         996       -33.64703         0.13352     -1500.30735         1.04906        -0.07907        -1.27593         1.65371           0
        1020       -32.55291        -1.76983     -1500.38520        -0.26847         0.01615        -0.64353         0.69747           0
        1020       -39.74329         0.49478     -1499.87357        -0.02729        -0.00214        -0.07239         0.07739           0
        1032       -38.28006        -2.24568     -1499.97769        -0.32214        -0.02875        -8.16627         8.17267           0
        1037       -39.75185         6.41771     -1499.87297        -0.11992        -0.00612        -2.04119         2.04472           0
        1053       -33.00058        -1.75347     -1500.35335        -0.21977        -0.30734       -38.15879        37.65308           1
        1131       -33.98579        -1.49498     -1500.28325        -0.50111        -0.03201       -15.43635        15.44451           0
        1194       -35.72279         3.17597     -1500.15965        -0.60899         0.53554       -26.32356        26.33605           0
        1216       -35.10067        -1.60937     -1500.20392         0.69936        -0.51554        -1.20507         1.48562           0
        1239       -32.95375        -2.04329     -1500.35668        -0.08196         0.01534        -1.94321         1.94500           0
        1241       -36.41486         5.71150     -1500.11041        -0.71989        -0.49185        -9.30237         9.34313           0
        1241       -39.11298         4.89752     -1499.91842        -0.00238        -0.00046        -0.08713         0.08717           0
        1332       -36.36247         3.14476     -1500.11414        -0.22971         0.16148        -0.48972         0.56451           0
        1342       -38.95878        -1.90071     -1499.92940        -0.34133        -0.02431        -8.45234         8.45927           0
        1346       -43.31803         3.92122     -1499.61922        -0.70280         1.39370       -20.16514        19.72091           1
        1346       -36.84143        -1.62704     -1500.08006        -0.36383         0.66774        -2.29810         2.42064           0
        1379       -35.24590        -0.48459     -1500.19359        -0.16364        -0.00422        -4.66969         4.67256           0
        1479       -39.93455        -1.98113     -1499.85997        -0.17441        -0.01247        -4.17443         4.17809           0
        1520       -36.22302        -6.89441     -1500.12406        -0.00479        -0.00285        -0.19983         0.19991           0
        1522       -43.41074        -0.99578     -1499.61262         0.13522        -0.06432        -0.74816         0.76300           0
        1525       -39.63516        -7.04756     -1499.88127        -1.63862        -0.44152       -36.90185        36.94085           0
        1538       -42.30330        -4.52754     -1499.69142        -0.70270         0.10424       -20.03012        20.04271           0
        1547       -40.79262        -0.47341     -1499.79891         0.00024         0.00839        -6.40783         6.40783           0
        1554       -38.11117        -3.84309     -1499.98971         0.61610        -1.11464        -1.77855         2.18752           0
        1554       -41.79421        -4.55247     -1499.72764        -0.24597        -0.40991       -11.65753        11.66732           0
        1562       -36.99944         6.25962     -1500.06881        -5.99697         1.02077       -12.71847        13.59666           1
        1645       -34.30936        -1.98735     -1500.26022        -0.17978        -0.03014        -5.66375         5.66668           0
        1658       -33.98379        -1.57305     -1500.28339        -0.01850         0.00209        -0.93490         0.93508           0
        1683       -38.93800         5.06970     -1499.93087         0.67041         0.79810        -1.70196         1.99577           0
        1690       -38.18569        -1.63080     -1499.98441        -0.42228        -0.02717       -10.77067        10.77898           0
        1692       -36.54513        -5.35556     -1500.10114        -0.22178        -0.04977        -5.96922         5.97355           0
        1743       -42.64571        -0.77940     -1499.66705        -0.16927        -0.00882        -3.98633         3.98993           0
        1789       -34.69547         2.10496     -1500.23275        -1.06921        -0.24141       -70.43949        70.44801           0
        1789       -41.99619        -3.92768     -1499.71327        -0.45233        -0.25318       -14.02778        14.03736           0
        1799       -30.39452         1.49145     -1500.53878        -0.08128         0.00918        -3.11632         3.11739           0
        1819       -37.65695        -4.42446     -1500.02203        -0.16432        -0.02525        -4.66298         4.66594           0
        1830       -36.59304         6.29861     -1500.09773        -0.05645         0.01873        -1.96724         1.96814           0
        1880       -32.94932        -1.40974     -1500.35700        -0.40732        -0.03091       -12.80004        12.80655           0
        1886       -31.78079         3.93215     -1500.44014        -0.14509        -0.34979       -17.68616        17.69021           0
        1916       -30.32615         0.09829     -1500.54365        -0.29342        -0.16112       -22.33379        22.33630           0
        1923       -39.08080        -6.65137     -1499.92071        -0.10183        -0.02582        -2.51805         2.52024           0
        1955       -31.83337         1.50446     -1500.43640         0.32137         0.00042        -0.39730         0.51100           0
        2019       -35.68672        -0.83688     -1500.16222        -0.02719         0.00086        -0.94623         0.94662           0
        2080       -37.52752        -1.69228     -1500.03124        -0.01287        -0.00138        -0.51207         0.51224           0
        2093       -32.52786         5.41270     -1501.21710        -2.02459        -1.35205        -5.66183         5.67321           1
        2093       -37.85962        -4.85066     -1502.01266        -0.04273        -0.36177         0.35835         0.51100           0
        2093       -32.52776         5.41263     -1501.21673        -0.06026        -0.05533        -0.21916         0.23393           0
        2093       -32.38057         5.27092     -1501.17445        -0.57371        -0.80234        -1.67004         1.93956           0
        2093       -44.68998         2.68979     -1500.35454         0.02636        -0.20140        -0.58343         0.61777           0
        2093       -41.54592         5.65811     -1499.74531         0.57423         0.66709        -6.77463         6.83157           0
        2136       -38.64028         6.49078     -1499.95206        -0.66511        -0.95782        -1.57760         1.51624           1
        2136       -39.90257         6.02456     -1501.86730         0.18038         0.35457         0.32073         0.51100           0
        2212       -40.58540         1.86075     -1499.81366        -1.07740        -0.89973       -95.82273        95.83301           0
        2243       -31.28999        -2.46173     -1500.47507        -0.04941        -0.00944        -2.61072         2.61120           0
        2260       -31.61404         1.85353     -1500.45201        -0.02875        -0.08317        -0.80438         0.80918           0
        2268       -44.52808        -0.30001     -1499.53312         0.18727        -0.24714        -0.26340         0.40685           0
        2268       -38.20387        -0.79534     -1499.98311         0.56325        -0.21650        -0.43387         0.74321           0
        2273       -32.49619        -3.82916     -1500.38924        -0.22968        -0.04282        -7.53928         7.54290           0
        2279       -35.27486         7.08149     -1501.48226        -0.03036        -1.40307        -3.07632         3.38131           0
        2286       -34.97051         3.30851     -1500.21318        -0.03595         0.00355        -1.06751         1.06812           0
        2305       -38.34296         6.89955     -1499.97322        -0.16366         0.09291        -4.25020         4.25436           0
        2332       -44.10622         0.47987     -1499.56313        -1.08688         0.01761       -22.47365        22.49992           0
        2334       -44.70607         1.93829     -1499.52045        -1.87701        -1.34667        -0.39778         1.88817          -1
        2334       -45.02325         1.38737     -1499.83246         0.36263        -0.32319        -1.22669         0.90386          -1
        2394       -34.23115        -3.31921     -1500.26579        -0.16804        -0.02806        -5.03542         5.03830           0
        2396       -41.65450         0.49085     -1499.73758         1.18097        -0.65260        -3.87171         4.10008           0
        2404       -43.35655         1.34463     -1499.61648         0.55559        -0.00146        -0.38290         0.67475           0
        2404       -41.43591         1.22140     -1499.75314         0.27870        -0.06287        -0.93147         0.97430           0
        2438       -37.70480        -0.16810     -1500.01862        -0.37897        -0.00250        -9.86769         9.87496           0
        2456       -44.38095         1.89595     -1499.54358         0.24293         0.52278        -0.61378         0.84205           0
        2456       -32.43341         4.75628     -1500.39371         2.90886         1.68818        -6.44375         7.26866           0
        2456       -36.70022        -1.18048     -1500.09010         3.41932         0.81014       -10.58373        11.15183           0
        2494       -35.85497         4.06936     -1500.15025        -0.13768         0.01927        -5.61448         5.61620           0
        2528       -44.60749        -1.02929     -1499.52746        -0.10254         0.12478        -0.42206         0.45191           0
        2535       -36.14703         2.27363     -1500.12947        -1.09406        -2.31441        -5.78387         5.83469           1
        2584       -39.25764         1.98455     -1499.90813        -0.31178         0.55668        -0.85023         1.06301           0
        2586       -41.75886         3.24245     -1499.73016         0.49189         0.12206        -2.68750         2.73487           0
        2604       -38.86337         5.20524     -1499.93619        -0.15671         0.03973        -4.25819         4.26126           0
        2647       -40.13725        -4.58390     -1499.84554        -0.10968         0.25909        -0.10890         0.30169           0
        2680       -35.85617        -0.94377     -1500.15016         0.00312         0.00005        -0.29487         0.29489           0
        2721       -34.25064        -0.61008     -1500.26440         0.86036        -0.44057        -2.34136         2.53304           0
        2721       -38.34816        -0.45637     -1499.97285         4.69986        -4.22673       -22.84800        23.70622           0
        2721       -40.00417         3.86223     -1499.85501         0.41830        -0.04293        -3.00764         3.03689           0
        2721       -38.52463         5.87489     -1499.96029         6.56468         2.29836       -33.26969        33.98897           0
        2721       -39.23061         3.97501     -1499.91005         1.80757         0.05432       -10.41742        10.57321           0
        2721       -42.67038         1.07763     -1499.66530         1.33661        -1.88701       -21.19570        21.32147           0
        2721       -44.14570        -1.13926     -1499.56032         0.03217        -0.49000        -1.12281         1.22549           0
        2733       -34.96994         2.32060     -1500.21322         0.10708        -0.52106        -0.45260         0.69844           0
        2754       -43.58032         1.00063     -1499.60055        -0.01137        -0.01078        -1.34769         1.34778           0
        2762       -42.89615         2.76040     -1499.64923        -0.35750         0.14455        -7.65009         7.65981           0
        2794       -45.10882        -0.08573     -1499.49179        -0.13564        -0.49082        -0.99276         1.11574           0
        2839       -31.98323        -0.22028     -1500.42574         2.67607        -1.63286        -3.83191         4.95087           0
        2852       -34.54312         1.31917     -1500.24359         3.36725         0.99180        -6.22333         7.14506           0
        2852       -41.43585        -5.31984     -1499.75314         1.31347        -0.22302        -5.09337         5.26473           0
        2880       -39.35669         2.75948     -1499.90108        -2.43011         4.42571       -15.16824        15.98649           0
        2898       -38.30399        -4.30668     -1499.97599        -0.17815        -0.06246        -7.89622         7.89848           0
        2959       -33.43367        -0.90066     -1500.32253        -0.22709        -0.36468        -8.59789         8.60862           0
        2959       -36.08627         1.14372     -1500.13379        -0.72705         0.03493       -20.21943        20.23253           0
        2962       -30.32784        -0.47307     -1500.54353        -0.59617         0.06728       -53.63814        53.64149           0
        2962       -33.80245        -3.36603     -1500.29629        -0.07571        -0.02175        -3.92723         3.92802           0
        2976       -39.09731         1.14974     -1499.91954        -0.06554        -0.22410        -0.45207         0.50881           0
        2977       -33.41414         2.96320     -1500.32392         1.32816         1.33052        -2.52684         3.14948           0
        2999       -39.29891         3.64124     -1499.90520        -0.17071         0.00444        -4.56240         4.56559           0
        3026       -36.88990         6.46186     -1500.07661        -0.09012         0.03447        -2.86661         2.86824           0
        3075       -42.05597        -2.62893     -1499.70902        -0.16108        -0.00876        -4.25824         4.26130           0
        3079       -32.95447         0.19311     -1500.35663         0.95647        -2.51141        -0.32259         2.24349          -1
        3079       -31.41442        -4.08955     -1501.00168        -0.88252         1.63773        -1.63871         2.02030          -1
        3079       -35.20301         6.80947     -1500.19664         0.03991        -0.04023        -0.06085         0.08315           0
        3095       -39.60044         4.24242     -1499.88374         1.78176         0.61248        -8.22645         8.43945           0
        3132       -42.04490        -2.86035     -1499.70980        -0.63728        -0.08269       -15.60716        15.62039           0
        3162       -36.75790        -2.92882     -1500.08600         0.16901        -0.11256        -0.46892         0.51100           0
        3162       -39.20646         5.59021     -1499.91177         0.89747         0.35166        -2.51750         2.69572           0
        3203       -34.40193        -6.59589     -1500.25364         0.73961         1.24369        -5.36829         5.55989           0
        3203       -34.84705        -6.03547     -1500.22196         0.32769         1.16198        -3.76900         3.95764           0
        3203       -35.09350        -7.01405     -1501.54597         0.07646         0.18419        -1.05584         1.07451           0
        3203       -31.74567        -1.83962     -1500.44264        -0.22656        -0.10349        -0.32035         0.14152          -1
        3203       -34.98054        -3.91261     -1502.21752        -0.05315        -0.14654         0.29004         0.09690          -1
        3203       -35.04657        -4.08107     -1501.90987        -0.09599        -0.13393         0.28135         0.09516          -1
        3203       -35.04657        -4.08107     -1501.90987         0.03678        -0.01810         0.00449         0.00166          -1
        3203       -39.08180        -6.83158     -1499.92064        -0.41402         0.29157        -1.30261         1.39757           0
        3253       -41.87026        -2.04288     -1499.72223         2.41650         0.68402        -6.62612         7.08610           0
        3253       -41.93432        -3.42995     -1499.71767        -0.14468        -0.02441        -3.95767         3.96039           0
        3273       -37.24184        -0.69057     -1500.05156         0.74852        -0.74106        -2.56092         2.76907           0
        3275       -32.08035        -0.15572     -1500.41883         1.61205         1.08423        -1.46175         1.97337           1
        3275       -44.36386         1.92452     -1499.54480         0.22037         0.56765        -0.76189         0.59009          -1
        3293       -34.19717         4.22632     -1500.26821         0.01945        -0.33162        -1.70573         1.73778           0
        3322       -39.67234        -3.48849     -1499.87862        -0.70730        -0.95808        -1.18526         1.68019           0
        3335       -33.31624        -1.21846     -1500.33089        -0.29445         2.21941        -4.00918         4.10930          -1
        3344       -34.74960         0.28038     -1500.22890        -0.13720        -0.06227        -3.17264         3.17621           0
        3358       -34.29173        -3.54217     -1500.26148        -0.33600         0.19486        -0.91946         0.99814           0
        3365       -32.75759        -5.23666     -1500.37064         2.42606        -2.82003       -17.83187        17.71193           1
        3378       -41.66675         6.04412     -1499.73671         0.21646         0.66145        -0.63046         0.93907           0
        3483       -40.96739         1.32797     -1499.78647        -0.03093         0.00239        -1.06925         1.06970           0
        3499       -32.34889         1.28625     -1500.39972         0.48168        -0.16600        -2.04854         2.11094           0
        3512       -34.07520         0.27424     -1500.27689         0.61356         0.85314        -3.16567         3.33553           0
        3512       -36.42777         4.63721     -1500.10949        -0.06803         0.01254        -2.16140         2.16251           0
        3526       -34.71467        -5.97807     -1500.23138        -0.41935        -0.18374        -1.20022         1.28457           0
        3533       -37.32637        -1.29963     -1500.04555         0.44706         0.80083       -14.89347        14.92169           0
        3539       -37.90581         1.76260     -1500.00432        -1.10620         0.22449       -30.23092        30.25198           0
        3548       -31.32290         2.74215     -1500.47272         0.03197         1.13271       -51.08196        50.58608           1
        3548       -36.11711        -5.92116     -1500.13159        -0.02187        -0.04411        -3.10877         3.10916           0
        3600       -36.93388        -6.32524     -1500.07348        -0.00088         0.00060        -0.07230         0.07231           0
        3668       -40.90137         0.87416     -1499.79117         1.78209        -0.23077        -3.58711         4.01204           0
        3668       -42.49180         4.22551     -1499.67801         0.34519         0.25522        -0.88160         0.98057           0
        3668       -43.00101         4.34642     -1499.64177         0.13594         0.12410        -0.40571         0.44551           0
        3668       -31.06391        -1.76833     -1502.49621         0.09439        -0.11834         0.11225         0.18846           0
        3668       -39.25582        -5.20056     -1501.91332         0.12730         0.03788         0.11011         0.17252           0
        3710       -35.35938         6.68255     -1500.18551        -0.26758         0.07945        -7.67282         7.67789           0
        3731       -40.45554        -4.48020     -1499.82290        -0.29373        -0.04672        -6.89656         6.90297           0
        3736       -36.56210         6.92689     -1500.09993        -0.00011        -0.00009        -0.10805         0.10805           0
        3739       -42.11698        -2.73825     -1499.70468         0.14678        -0.25596        -1.25021         1.28456           0
        3779       -37.57466         1.51043     -1500.02788         0.32523         0.27538        -0.40400         0.58722           0
        3804       -40.58348         1.14526     -1499.81379        -0.26236         0.01066        -6.13465         6.14027           0
        3848       -33.79575         0.02316     -1500.29677         0.03853        -0.00872        -0.42416         0.42600           0
        3876       -37.52990         2.56703     -1500.03107         0.39963        -0.01740        -0.54868         0.67901           0
        3888       -40.74913         2.22290     -1499.80201        -2.55498         1.43911       -89.43874        88.97726          -1
        3888       -32.62798        -2.07919     -1500.37986        -0.66309         0.36601        -0.70025         1.03151           0
        3946       -43.64324        -0.14107     -1499.59608        -3.49396        -0.27896       -69.98840        70.07612           0
        3981       -43.66482        -0.08337     -1499.59454        -1.19025        -0.00372       -25.07506        25.10329           0
