           6       -40.19662        -5.35093     -1499.84132         0.95593        -2.09109        -2.15150         3.14887           0
          10       -44.64045        -0.68240     -1499.52512         2.89560         1.04275       -13.85053        14.18834           0
          10       -44.17887        -0.65486     -1499.55796         3.26330         1.28677       -13.22885        13.68603           0
          10       -43.64337        -0.19632     -1499.59607         1.62283         0.72070        -5.81049         6.07576           0
          18       -31.09504        -1.27887     -1500.48894         0.88400        -0.15905        -1.49325         1.74257           0
          64       -34.98214        -0.70271     -1500.21235         0.20736        -0.06504        -0.46248         0.51100           0
          99       -41.74435         5.86110     -1499.73119        -0.04354         0.09596        -1.30204         1.30630           0
         124       -39.60168        -7.03119     -1499.88365         0.25912         0.03495        -0.10386         0.28134           0
         179       -37.72226         2.25825     -1500.01738        -0.46772         0.04521       -12.06073        12.06988           0
         248       -40.56993        -1.52658     -1499.81476        -8.39197        -0.34689      -197.10553       197.28440           0
         263       -35.32646        -5.44442     -1500.18785         0.44631        -0.48357        -1.34225         1.49488           0
         290       -43.76016        -2.07741     -1499.58776        -1.15618        -0.07971       -24.26892        24.29657           0
         350       -32.62179        -4.69861     -1500.38030         6.66757        -3.87019       -19.86812        21.31142           0
         351       -45.15286         1.24621     -1501.29927         0.24640        -0.12574        -0.45069         0.52881           0
         365       -41.93889        -1.30747     -1499.71735         0.76957         0.79865        -4.31858         4.45873           0
         365       -43.25650         2.28755     -1499.62359         1.24484         2.44469        -6.09461         6.68359           0
         365       -44.54419         3.21895     -1501.50373         1.36418         0.61875        -0.32078         1.10388           1
         373       -40.74876         2.79792     -1499.80203        -0.19527         0.01138        -4.38480         4.38916           0
         377       -38.20941        -1.32498     -1499.98272        -0.25295         0.58960       -63.60170        63.09599           1
         384       -37.68868         0.57491     -1500.01977         0.32541         0.26255        -0.73371         0.84448           0
         386       -34.14418         6.10425     -1500.27198        -0.33345        -0.31160        -1.63938         1.70173           0
         386       -37.93428         1.17824     -1500.00229        -0.10126         0.00464        -2.61331         2.61528           0
         406       -39.88033         4.03422     -1499.86382        -1.83433         0.73095       -58.84779        58.37212           1
         476       -41.86417         3.70780     -1499.72267        -0.08488        -0.00739        -1.29686         1.29965           0
         533       -45.20734        -0.59654     -1500.93077         0.13696         0.33516        -0.11903         0.38113           0
         560       -41.91293        -2.48552     -1499.71920        -0.40499        -0.01266        -9.58527         9.59383           0
         583       -40.79024        -1.48311     -1499.79908         0.16071         0.06309        -0.22028         0.27988           0
         640       -37.29594        -5.38751     -1500.04772        -0.35729        -0.51169        -0.66844         0.91450           0
         645       -30.47527        -0.15555     -1500.53304        -1.05490        -0.01671       -38.95782        38.97210           0
         653       -40.88769        -4.79912     -1499.79215        -0.00642        -0.00477        -0.17992         0.18010           0
         728       -43.31639        -0.18209     -1499.61933        -0.06626         0.00598        -1.65081         1.65215           0
         750       -42.76242        -5.53055     -1500.53080         1.09154         0.07097        -0.54550         1.22232           0
         751       -44.75413        -2.06212     -1499.51703         0.10199        -0.02322        -1.64915         1.65246           0
         756       -37.65352        -5.99733     -1500.02227        -3.96425         2.50331        -5.57165         7.28183           0
         828       -36.78922        -5.09710     -1500.08377        -0.27083        -0.05779        -7.31951         7.32475           0
         855       -44.34039        -2.68720     -1499.54647        -0.81398        -1.41821       -17.73854        17.31007          -1
         856       -39.48951         5.08190     -1501.89669        -0.14562         0.30878         0.38023         0.51100           0
         861       -40.48467         1.81385     -1499.82082        -0.19006        -0.04864        -6.19217         6.19528           0
         866       -38.23417         7.47627     -1499.98096        -0.07984         0.02354        -2.05181         2.05349           0
         867       -36.36404        -5.28244     -1500.11402        -0.13476        -0.09098        -5.90807         5.91031           0
         868       -37.48354         2.56919     -1500.03437        -0.30094         0.03943        -8.39991         8.40540           0
         890       -38.69040        -4.79851     -1499.94849        -0.02679         0.00400        -0.94167         0.94206           0
         924       -32.45549         1.84199     -1500.39214        -1.35199         0.19502       -47.35495        47.37465           0
         961       -35.85447         4.77094     -1500.15028        -0.18989         0.05217        -5.84178         5.84510           0
         961       -36.95504         4.49247     -1502.07703        -0.05871        -0.01400         0.50742         0.51100           0
         996       -36.11425        -6.93257     -1500.13180         0.21282         0.01567        -1.61963         1.63363           0
         996       -42.47391         0.70772     -1499.67928        -0.02970         0.80227        -4.15741         4.23421           0
        1045       -33.03180         2.13960     -1500.35113        -0.00241        -0.00062        -0.20500         0.20502           0
        1046       -39.05315         1.91624     -1499.92268        -0.54012         0.09661       -13.13429        13.14574           0
        1074       -41.48064         6.37490     -1499.74996        -1.14391         0.65053       -27.34099        26.86641           1
        1130       -39.21846         1.32914     -1499.91092        -0.08359         0.00607        -2.13288         2.13453           0
        1181       -42.39607        -5.89968     -1501.51287        -0.85628         1.44441        -2.91299         2.88990           1
        1181       -36.42068         2.15130     -1502.11505         0.19499         0.14729         0.44878         0.51100           0
        1181       -37.58763        -1.01001     -1500.02696         3.28725         0.28603        -6.94722         7.69101           0
        1181       -42.33863        -3.24205     -1499.68890         0.47575        -0.04509        -1.49878         1.57312           0
        1181       -32.37538         3.63144     -1500.39784         0.00501         0.37931        -0.30130         0.48444           0
        1181       -40.38459        -0.40940     -1499.82794         0.98082        -0.05236        -1.59470         1.87291           0
        1216       -35.33946         1.89792     -1500.18693        -1.11451        -2.73136        -5.95890         6.15774          -1
        1225       -42.13252        -5.25532     -1499.70357        -1.37945         0.29127        -4.52422         4.73881           0
        1225       -37.10971         4.28912     -1500.06097        -1.48406         3.36842        -9.53377         9.72143          -1
        1243       -39.40605         0.07049     -1499.89757        -0.01653        -0.00378        -0.61439         0.61463           0
        1253       -36.30392        -4.96556     -1500.11830        -2.16884        -1.60119       -93.94972        93.98839           0
        1345       -34.85810         0.61689     -1500.22118        -0.21439         0.04043        -5.74628         5.75042           0
        1359       -36.76343        -2.02169     -1500.08561        -0.00092         0.00068        -0.04642         0.04644           0
        1417       -38.53238         6.13183     -1499.95974        -0.09144         0.02492        -2.30051         2.30247           0
        1459       -32.21200        -2.13372     -1500.40946         2.15688         3.15533        -2.15877         4.38959           0
        1514       -31.66901        -3.17921     -1500.44810         0.05011         0.01219        -0.42618         0.42929           0
        1539       -31.92176         4.72992     -1500.43011        -0.12656         0.12575        -6.45459         6.45705           0
        1591       -34.08974        -5.53899     -1500.27585        -0.07591        -0.01801        -2.21903         2.22040           0
        1597       -43.00288         0.58599     -1499.64164        -0.03984         0.00071        -0.85967         0.86059           0
        1611       -31.22078         2.27401     -1500.47999        -0.09167         0.01487        -3.56314         3.56435           0
        1634       -34.12673         0.48449     -1500.27322        -0.01326        -0.02026        -2.71371         2.71382           0
        1666       -38.84185         0.56029     -1499.93772        -1.17590         0.00633        -1.59145         1.97876           0
        1716       -32.27060         0.24364     -1500.40529        -1.88094         0.00583       -62.99679        63.02486           0
        1739       -32.53540         3.13168     -1500.38645        -0.26572        -0.12750        -0.38050         0.48129           0
        1739       -43.73286         3.58132     -1499.58970        -0.62826        -0.49432        -1.46927         1.67267           0
        1739       -40.42650         3.71251     -1499.82496        -0.33350        -0.38232        -2.57485         2.62435           0
        1739       -39.39588         2.01393     -1499.89830        -1.72929        -4.37582       -20.19237        20.22860          -1
        1739       -36.99207        -0.58727     -1500.06934         0.00079        -0.01854        -0.05759         0.06050           0
        1783       -34.06246         6.56496     -1500.73259        -0.68109        -0.31276         0.00610         0.74949           0
        1783       -37.67951         7.49991     -1500.99310         0.08946        -1.88180        -0.37317         1.92052           0
        1783       -37.63612         7.49961     -1500.93968         0.44719        -0.73749        -0.06681         0.49372          -1
        1813       -39.02537         2.78814     -1499.92466        -0.06395         0.01405        -1.84841         1.84957           0
        1816       -40.11873         5.19997     -1501.85192         0.18985        -0.15430         0.77466         0.81238           0
        1821       -33.05393        -5.35525     -1500.34955        -0.32959        -0.10931       -11.17302        11.17841           0
        1833       -39.88191         3.99936     -1499.86371         1.03535        -1.16093        -6.36018         6.54764           0
        1888       -34.69307        -1.99838     -1500.23292         1.82854        -0.42199        -3.24552         3.74901           0
        1974       -35.54688        -2.85697     -1500.17217         0.19321         0.05922        -0.94540         0.96675           0
        2112       -41.00406        -2.89191     -1499.78387        -0.13180        -0.01241        -3.24482         3.24752           0
        2132       -37.40538        -6.41768     -1500.03993        -0.01303        -0.00404        -0.42563         0.42585           0
        2135       -37.62666        -0.42819     -1500.02418        -0.00076        -0.00237        -0.09189         0.09192           0
        2149       -45.00334        -1.85012     -1500.99461         0.50742        -0.41865        -0.80894         1.04265           0
        2150       -40.28565         6.16886     -1499.83498        -0.14050         0.03704        -3.66232         3.66520           0
        2158       -37.06495         1.38853     -1500.06415         9.04332        -0.64936       -33.29145        33.99676          -1
        2158       -34.76566        -0.01981     -1500.22776         1.03154        -0.22141        -2.79110         2.98384           0
        2158       -37.42303         1.21513     -1500.03867         0.24526        -0.02571        -0.94422         0.97589           0
        2158       -36.31628         3.50049     -1500.11742         0.76078         0.17121        -2.49001         2.60926           0
        2158       -37.08254         3.66519     -1500.06290         0.67791         0.15370        -2.35317         2.45369           0
        2169       -43.62764        -3.17709     -1499.59719        -0.84497         0.80544        -2.20002         2.49054           0
        2194       -42.84337         0.01508     -1499.65299        -0.08726         0.43488        -0.25373         0.51100           0
        2197       -36.92364         0.63461     -1500.07421        -0.24894         0.00638        -6.68799         6.69263           0
        2233       -39.65646        -5.76771     -1499.87975        -0.13877        -0.02990        -3.35054         3.35355           0
        2234       -33.80808        -4.66825     -1500.29589        -0.28632        -0.04271        -0.73918         0.79384           0
        2235       -34.76565        -2.90496     -1500.22776        -0.32184        -0.04319        -9.63629         9.64176           0
        2242       -38.32209         5.28131     -1499.97470        -0.02865         0.00784        -0.68324         0.68389           0
        2349       -40.11792        -1.65871     -1499.84692        -0.38097        -0.02154        -9.05496         9.06300           0
        2373       -34.20326         6.61232     -1500.26777         0.31652         0.29026        -0.53686         0.68750           0
        2423       -32.09055        -1.93999     -1500.41810         0.40731        -0.06577        -0.60719         0.73410           0
        2488       -35.99515        -0.92377     -1500.14027        -0.49244        -0.09880       -22.11508        22.12078           0
        2489       -39.15262         6.92814     -1499.91560         2.25085         2.91952        -3.42810         5.03406           0
        2499       -40.08246        -2.98924     -1499.84944        -0.00908         0.00153        -1.34390         1.34393           0
        2517       -42.45107        -0.95736     -1499.68090         1.05718         0.27113        -5.83200         5.93324           0
        2522       -37.68723         2.10997     -1500.01987        -0.09969        -0.02577        -3.18771         3.18937           0
        2540       -40.96069        -2.86172     -1499.78695        -0.51922        -0.06258       -12.27810        12.28923           0
        2557       -34.29078        -6.13889     -1500.26155        -0.08933        -0.07327        -3.65156         3.65338           0
        2589       -41.73269         6.32096     -1500.55871        -0.05919        -0.39155         0.32296         0.51100           0
        2636       -34.01861         3.86086     -1500.28091        -0.05993         0.00853        -2.33798         2.33877           0
        2646       -41.62434         0.66420     -1499.73973        -0.19153         0.00194        -4.27062         4.27492           0
        2677       -36.86031         0.19660     -1500.07871        -0.50298         0.00400       -13.54313        13.55246           0
        2747       -33.54697         2.66141     -1500.31447         2.33303         1.31609        -2.88640         3.93782           0
        2751       -40.97664         2.27463     -1499.78582        -0.02184         0.03325        -0.92365         0.92451           0
        2794       -32.22668         4.52520     -1502.41347        -0.03157         0.56815         0.93908         1.09803           0
        2852       -42.39026         0.41146     -1499.68523        -0.01289        -0.00025        -0.33939         0.33963           0
        2910       -38.33285         3.65448     -1499.97393        -0.01549        -0.00261        -0.75969         0.75986           0
        2938       -39.05053         4.14255     -1499.92287         1.08420         0.69733        -2.59163         2.89453           0
        2949       -37.96420         0.81596     -1500.00017        -0.06709         0.00316        -2.17078         2.17182           0
        2949       -36.54069         2.05167     -1500.10146        -0.10359         0.01523        -3.71826         3.71974           0
        2974       -33.58472        -2.96460     -1500.31179        -0.15545         0.12199       -11.20758        11.20932           0
        2979       -35.50213         5.58956     -1500.17535        -0.19570         0.21935        -0.41798         0.51100           0
        2983       -40.11247         6.14280     -1499.84731        -0.26124        -0.01408        -7.10393         7.10875           0
        2999       -38.06596        -1.09220     -1499.99293        -0.01145        -0.00257        -0.40724         0.40741           0
        3087       -43.93561        -1.52424     -1499.57527        -0.05938        -0.14942        -3.36338         3.36722           0
        3099       -40.05202        -1.54614     -1499.85161         0.36787        -0.43883        -5.47258         5.50245           0
        3099       -40.78456        -3.54909     -1499.79948         2.46392        -5.94364       -39.30564        39.32105          -1
        3099       -39.24535        -4.50509     -1499.90901         0.17357        -0.29210        -1.59018         1.62608           0
        3099       -44.40540         1.25583     -1499.54184         0.16665        -0.10568        -1.28150         1.29660           0
        3102       -36.91257         4.22829     -1500.07499         0.07495         0.46118        -9.20692         9.21877           0
        3243       -42.20427         2.52741     -1499.69847         0.22308         0.22957        -0.92909         0.98269           0
        3261       -31.71101        -3.17555     -1500.44511        -0.05500        -0.04900        -4.41636         4.41697           0
        3273       -37.63601        -6.43971     -1500.02352         0.91269        -0.58576        -2.84969         3.04907           0
        3286       -37.44648         7.36769     -1500.03700         4.95748         1.71358        -6.58896         8.42184           0
        3316       -34.66261        -5.54677     -1500.23509        -0.09970        -0.27627       -12.66895        12.17166           1
        3316       -32.76011        -3.39382     -1500.37046         0.00307        -0.01436        -0.74487         0.74501           0
        3380       -40.80155        -0.76780     -1499.79828        -0.59858        -0.08271       -13.11069        13.12461           0
        3385       -31.30825         0.59536     -1500.47377        -0.30264         0.00671       -10.55044        10.55479           0
        3415       -38.65552         0.58832     -1499.95097        -0.48739         0.01404       -19.22912        19.23530           0
        3424       -37.32320         4.92391     -1500.04578         0.00410         0.02737        -0.27151         0.27291           0
        3426       -31.49374        -3.21125     -1500.46057         0.05447        -0.01528        -0.42599         0.42973           0
        3431       -41.04187         5.31189     -1499.78117        -0.20845         0.42735       -31.77869        31.27535           1
        3442       -34.38443        -2.33876     -1500.25488        -0.03413        -0.01151        -1.66890         1.66929           0
        3470       -30.73417         1.99971     -1500.51462        -0.00163         0.00178        -0.22123         0.22125           0
        3490       -34.91641        -2.76483     -1500.21703        -0.00044         0.00150        -0.05545         0.05547           0
        3500       -32.09676         0.09305     -1500.41766        -0.11380        -0.10364        -0.48726         0.51100           0
        3500       -36.60539        -3.84560     -1500.09685        -0.14809        -0.21534        -0.22604         0.34554           0
        3508       -39.69632        -3.51948     -1499.87692         0.31814         0.61661        -1.09808         1.29892           0
        3542       -34.53299        -1.42686     -1500.24431         0.89190         0.31759       -14.61676        14.14530           1
        3542       -36.68694        -1.74211     -1502.09610         0.16085         0.06294         0.48092         0.51100           0
        3542       -42.92844        -3.63204     -1501.65199        -0.11735        -0.02482         0.22942         0.25889           0
        3570       -37.83441        -6.62845     -1500.00940        -2.88530        -1.56288      -116.07975       115.61625           1
        3570       -32.63420         3.23404     -1500.37942         0.56520         2.17063        -8.62020         8.90724           0
        3570       -40.37293        -1.39853     -1499.82877        -0.32668         0.50248        -3.84577         3.89219           0
        3570       -33.77487        -2.95252     -1500.29826        -0.01617        -0.00715        -1.10463         1.10477           0
        3573       -36.54680        -2.53371     -1500.10102        -0.10861         0.00175        -4.77197         4.77320           0
        3620       -40.45794        -1.65928     -1499.82272        -0.00286        -0.00992        -0.19386         0.19414           0
        3641       -33.34039        -2.50230     -1500.32917        -0.83144        -0.18973       -30.69400        30.70585           0
        3655       -37.98890         2.56616     -1499.99841         0.60550         1.20396        -3.33438         3.59642           0
        3656       -31.06720         1.67171     -1500.49092        -0.22671         0.01989        -8.03387         8.03710           0
        3739       -33.10932         2.75971     -1500.34561        -0.06972         0.04074       -19.03898        19.03915           0
        3742       -38.11742        -0.59882     -1499.98926        -0.79164        -0.17275       -27.90430        27.91607           0
        3771       -34.82811         2.17497     -1500.22331        -0.01281         0.00701        -0.87272         0.87284           0
        3783       -35.20401         5.10847     -1500.19657         0.06374         0.28562        -0.41890         0.51100           0
        3783       -40.50992        -0.73178     -1499.81903        -0.06190        -0.03133        -0.16383         0.17791           0
        3786       -35.27535         6.60036     -1502.19655        -0.25581         0.27883         0.34342         0.51100           0
        3788       -37.04635         6.63249     -1500.06548        -0.05363         0.02784        -1.59950         1.60064           0
        3828       -33.04406        -4.28543     -1500.35026        -0.32524        -0.10038       -11.56731        11.57232           0
        3831       -31.02585         0.74218     -1500.49386        -0.60825        -0.09937       -23.86331        23.87127           0
        3908       -37.79008        -4.58755     -1500.01255        -0.50446        -0.09195       -13.09286        13.10290           0
        3922       -40.53333         5.33038     -1499.81736         0.40079        -0.05077        -1.63694         1.68605           0
        3922       -33.04875        -3.48051     -1500.34992         7.69597        -4.47598       -18.13754        20.20477           0
        3937       -38.76133         1.30901     -1499.94345        -0.21984         0.17726       -39.60780        39.10110          -1
        3979       -38.14885        -2.17322     -1499.98703         0.80823         0.23346        -1.92659         2.10226           0
        3994       -34.38006        -1.49306     -1500.25519        -0.01410        -0.00069        -3.13758         3.13761           0
