           3       -39.05423        -1.81625     -1499.92261         0.00034        -0.00190        -0.05550         0.05553           0
          35       -42.11760        -3.15405     -1499.70463         0.89057         0.71305        -2.22097         2.49685           0
          56       -39.08555         7.37006     -1500.64652         3.12532        -0.66077        -1.44010         3.50401           0
          61       -33.71781         4.94230     -1500.30232         0.01662         0.04665        -1.92289         1.92353           0
          66       -31.24397         3.04732     -1500.47834         0.00438         0.00578        -0.14378         0.14396           0
         151       -39.00364         4.22095     -1499.92620         0.00056         0.02160        -0.11528         0.01329          -1
         151       -39.01729         4.23029     -1500.07653         0.00157         0.03375        -0.11158         0.01313          -1
         151       -38.99431         4.26302     -1500.22235         0.00822        -0.01176        -0.11514         0.01301          -1
         151       -38.96055         4.24305     -1500.36836         0.01337        -0.01879        -0.11147         0.01252          -1
         151       -38.93861         4.24222     -1500.51785         0.01328        -0.00516        -0.11176         0.01227          -1
         151       -38.94578         4.23283     -1500.66840         0.01237        -0.00554        -0.10978         0.01184          -1
         151       -38.90665         4.21285     -1500.81274         0.02091        -0.04407        -0.09796         0.01159          -1
         151       -38.85257         4.15155     -1500.93945         0.00800        -0.03808        -0.10087         0.01131          -1
         151       -38.86140         4.08162     -1501.07267         0.02815        -0.03657        -0.09625         0.01103          -1
         151       -38.79713         4.04164     -1501.20289         0.05734        -0.03732        -0.08083         0.01086          -1
         151       -38.74033         3.98640     -1501.33092        -0.01804         0.09437        -0.04436         0.01084          -1
         151       -38.74408         4.02527     -1501.34662        -0.01297         0.08737        -0.00742         0.00763          -1
         151       -38.73168         4.17176     -1501.37764        -0.00387         0.08557        -0.01393         0.00732          -1
         151       -38.70629         4.31155     -1501.42537        -0.01685         0.08357        -0.01057         0.00717          -1
         151       -38.70712         4.46083     -1501.41407         0.05333         0.06067        -0.02415         0.00691          -1
         151       -38.59511         4.55958     -1501.41897         0.05291         0.04726        -0.04373         0.00675          -1
         151       -38.51841         4.67551     -1501.47324         0.02464         0.06104        -0.04754         0.00641          -1
         151       -38.46490         4.75319     -1501.58835         0.03183         0.04479        -0.05576         0.00596          -1
         151       -38.36843         4.80700     -1501.68675         0.03196         0.04519        -0.05327         0.00574          -1
         151       -38.27148         4.85923     -1501.78480         0.01389         0.04022        -0.06149         0.00544          -1
         151       -38.29595         4.93499     -1501.90812         0.00456         0.03293        -0.06468         0.00515          -1
         151       -38.74408         4.02527     -1501.34662         0.02500        -0.00036        -0.05117         0.00316          -1
         223       -39.72567         6.54638     -1499.87483        -0.26797         0.12139        -7.43768         7.44350           0
         234       -34.37666        -3.23157     -1500.25544        -0.07590        -0.08195        -0.32106         0.33993           0
         301       -42.13778        -4.52961     -1499.70320        -0.56043        -0.31394        -0.18691         0.66901           0
         306       -42.76905        -4.00676     -1499.65828        -0.19886         0.34397        -0.32133         0.51100           0
         313       -38.00203        -6.79527     -1499.99747        -0.53848         0.96327        -2.20717         2.46768           0
         326       -35.42751         0.04727     -1500.18066        -0.07333         0.00110        -2.11611         2.11738           0
         344       -35.32734        -4.14935     -1500.18779        -0.03338        -0.02524        -1.57666         1.57722           0
         370       -35.70092         4.00285     -1500.16121         0.08014        -0.04951        -0.16670         0.19148           0
         418       -34.49582        -3.72860     -1500.24696        -2.28065        -0.69974       -80.69409        80.72935           0
         418       -39.00434         2.82466     -1501.93121         0.24040         0.00819         0.08109         0.25384           0
         430       -34.12672         4.12754     -1500.27322        -0.55497         0.82925        -1.21214         1.57001           0
         430       -42.41494        -4.34014     -1499.68347        -0.92651        -0.15134       -21.72324        21.74352           0
         436       -31.34144         3.45609     -1500.47141        -0.06441         0.03731        -3.23916         3.24002           0
         439       -33.85347         5.67372     -1500.29266        -0.06428         0.01653        -2.55632         2.55718           0
         457       -40.82219         0.00715     -1499.79681        -0.17107        -0.00669        -5.53839         5.54104           0
         458       -44.44019        -1.03767     -1499.53937         0.42087         0.29304        -0.66488         0.83968           0
         509       -31.16161        -1.08150     -1500.48420         3.75090         0.34246        -8.54925         9.34217           0
         509       -40.37528        -0.40906     -1499.82861         1.57990         0.36155        -5.76499         5.98849           0
         509       -37.83636         5.17524     -1502.01432         0.00855         0.18075         0.22178         0.28624           0
         509       -40.72675         5.13839     -1501.80865         0.01247         0.38259         1.72594         1.32925          -1
         512       -39.91924         4.95519     -1499.86106        -1.13869         0.51923       -39.15359        39.17358           0
         591       -41.07269        -4.48647     -1499.77898        -1.12029        -0.07422        -0.96551         1.05549          -1
         597       -31.12911         1.22310     -1500.48651         0.21182        -0.08489        -6.73496         6.73882           0
         620       -38.48019        -4.70372     -1499.96345         0.24771         0.06779        -0.62629         0.67691           0
         632       -41.24828         2.15252     -1499.76649        -0.05958         1.09313        -1.20638         1.62907           0
         662       -36.07341        -0.13371     -1500.13470         0.00485        -0.00168        -0.05152         0.05178           0
         664       -34.87084        -1.86779     -1500.22027        -0.22766        -0.04087        -8.69959         8.70267           0
         740       -43.22350        -0.42061     -1499.62594        -0.89100         0.64578        -1.63988         1.97488           0
         773       -37.29611         6.36445     -1500.04770        -0.24854         0.06344        -6.58492         6.58991           0
         797       -33.85297         1.95779     -1500.29270        -0.91011         0.50558        -3.78889         3.92933           0
         804       -33.66736         5.02390     -1500.30591        -0.12893         0.04350        -4.73621         4.73817           0
         805       -38.79334        -4.40621     -1499.94117        -0.38542        -0.06316        -9.53045         9.53845           0
         828       -39.35886         3.45657     -1499.90093         2.37053         2.81039        -2.27031         4.32111           0
         833       -32.72414         0.07050     -1500.37302         0.62549         0.01540        -0.93710         1.12678           0
         855       -39.68528         5.99550     -1499.87770         0.01504         1.58298       -71.26092        70.76933          -1
         855       -32.10699        -2.86996     -1500.41693         0.00080        -0.00014        -0.05575         0.05575           0
         860       -37.43154         5.91635     -1500.03807        -0.33623        -0.26528        -0.99261         1.08107           0
         869       -42.52133        -0.70538     -1499.67591        -0.18504        -0.00570        -3.60518         3.60993           0
         891       -43.50416         1.30106     -1499.60597         0.03542        -0.23765        -0.48297         0.53943           0
         901       -35.79952         2.91024     -1500.15419        -0.20808         0.03432        -6.37144         6.37493           0
         939       -41.96658         3.20401     -1499.71538         0.30367         0.48139        -1.09853         1.23723           0
         948       -38.88113         5.93112     -1499.93492        -0.23159         0.05175        -5.76559         5.77047           0
         958       -40.25792         1.16633     -1499.83696        -0.00333         0.00013        -0.11831         0.11835           0
         963       -40.94247         2.97169     -1499.78825         1.45948        -2.63281        -9.31576         9.29238           1
         963       -35.50595         2.42451     -1502.18014         0.07075        -0.00242         0.28773         0.29631           0
         963       -39.88452        -6.21372     -1499.86353         0.29095        -1.40470        -1.06593         1.78719           0
        1030       -36.81120        -7.44519     -1501.02047        -0.02693         0.25973         0.23023         0.34812           0
        1036       -38.59300        -5.78277     -1499.95542        -0.44378        -0.12587       -12.25095        12.25963           0
        1061       -31.74207         1.49944     -1500.44290        -1.37056         9.54288       -31.20474        32.66008           0
        1061       -39.95813         0.45945     -1501.86334        -0.22369        -0.12768         0.44134         0.51100           0
        1069       -35.61697         6.41828     -1500.16718        -0.18806         1.24713        -2.16200         2.04362           1
        1069       -36.89196         3.79064     -1500.07646         0.04248        -0.01761        -0.32365         0.32690           0
        1069       -37.54004         4.22717     -1500.03035         2.61434        -1.36512       -27.28737        27.44630           0
        1069       -40.02122         7.08570     -1499.85380         0.04023         0.03969        -1.41235         1.41348           0
        1097       -37.20438        -0.52228     -1500.05423        -0.18154        -0.00379        -4.82135         4.82477           0
        1102       -42.58045         0.32575     -1499.67170         4.52983        -3.74078       -10.52717        12.05546           0
        1134       -38.39120        -2.72604     -1499.96978        -0.08394        -0.01531        -2.05518         2.05695           0
        1178       -39.09465         1.49622     -1499.91973        -0.30426         0.02330        -7.37478         7.38109           0
        1235       -35.56575        -0.00222     -1500.17083        -0.03214         0.33669        -0.24784         0.41931           0
        1241       -32.60265         1.92145     -1500.38166         0.08109         0.93229        -0.27174         0.97446           0
        1361       -40.28110        -3.55984     -1499.83531        -3.61488        -0.78841       -90.80034        90.87569           0
        1361       -42.90622         1.65293     -1499.64852        -0.32759         0.01074        -7.28936         7.29673           0
        1378       -37.19389         5.43166     -1500.05498        -0.12232         0.04764        -6.22085         6.22223           0
        1395       -38.69825         0.86128     -1499.94793         0.01385        -0.02436        -0.38656         0.38757           0
        1448       -33.25993        -2.82214     -1500.33490        -0.11635        -0.01541        -3.68634         3.68821           0
        1469       -45.16885        -0.07214     -1500.05984         0.48821         0.47786        -0.02533         0.68362           0
        1495       -41.60006        -0.76822     -1499.74146        -0.10451         0.00272        -2.57114         2.57327           0
        1495       -41.71855        -4.24573     -1501.73808        -0.00261        -0.07295         0.14979         0.16664           0
        1509       -36.24061         4.27045     -1500.12281        -2.82130         0.83116        -9.58793        10.02891           0
        1534       -36.79163         0.45290     -1500.08360         0.48864        -0.26402        -0.66213         0.86423           0
        1543       -35.58792         5.40897     -1500.16925        -0.29421         0.06864        -8.32162         8.32711           0
        1563       -35.84992         4.52076     -1500.15061         1.00534         0.62063        -2.67521         2.92449           0
        1629       -40.82878        -1.49410     -1499.79634         0.71705        -2.30485        -6.08504         6.54631           0
        1632       -39.92535        -6.57622     -1499.86062         0.43058         0.45660        -5.44902         5.48504           0
        1677       -38.07010        -7.18080     -1499.99263         3.26805        -6.19368        -7.67486         9.89123           1
        1677       -39.09938         5.58304     -1499.91939         1.00980         0.46026        -2.79065         3.00321           0
        1677       -37.57661         4.78888     -1500.02774         0.62887        -0.14783        -0.76224         0.99917           0
        1683       -44.69304         0.68426     -1499.52138         0.46501         0.59618        -3.14828         3.23780           0
        1703       -33.34174        -1.85761     -1500.32908        -0.56114        -1.22976      -107.75526       107.25395           1
        1703       -31.30443        -1.60483     -1500.47404        -0.00064        -0.05375        -5.84017         5.84041           0
        1828       -34.93014         1.49604     -1500.21605        -0.07855         0.00517        -2.29781         2.29916           0
        1870       -35.84057        -0.71757     -1500.15127         2.67367        -1.75790        -8.75129         9.31793           0
        1870       -33.38638        -2.82886     -1502.33096        -0.02771         0.03845         0.50880         0.51100           0
        1918       -35.15224        -4.10823     -1500.20025        -0.00419         0.00087        -0.57292         0.57294           0
        1921       -38.50955        -7.09413     -1499.96136        -3.11996        -2.07406      -127.16629       126.71150          -1
        1925       -40.32444        -5.03824     -1499.83222        -1.07833        -0.32938       -25.37044        25.39548           0
        1973       -42.40836         3.76734     -1499.68394        -0.12058         0.01667        -3.24285         3.24513           0
        1973       -43.54031        -1.22130     -1499.60340        -0.59572        -0.09731       -14.95492        14.96709           0
        1973       -40.07502        -3.38180     -1499.84997        -0.00265         0.03657        -0.50968         0.51100           0
        2001       -39.84839        -3.06996     -1499.86610         0.20866        -0.25875        -0.38811         0.51100           0
        2075       -44.51551        -1.07383     -1499.53401        -0.05061        -0.36427        -0.29254         0.46993           0
        2075       -40.00315         6.26668     -1499.85508         0.35331        -0.61241        -3.67593         3.74331           0
        2099       -39.99936         6.29369     -1499.85535         0.55760         0.04834        -0.73492         0.92377           0
        2145       -41.73164        -4.75188     -1499.73209         0.37780        -0.59838        -2.24497         2.35386           0
        2163       -38.89307         4.18124     -1499.93407         1.38933         2.25717        -5.95276         6.51617           0
        2163       -39.30571        -5.14420     -1499.90471         0.37711         0.27455        -0.26343         0.53571           0
        2163       -41.11993         1.30499     -1499.77562         0.42233         0.95265        -1.15803         1.55786           0
        2163       -40.50351        -6.96431     -1500.94014         0.28077         0.26465        -0.32299         0.50318           0
        2163       -38.52993         1.58244     -1499.95991         0.44154         0.49020        -0.76647         1.01130           0
        2179       -39.45055        -4.95135     -1499.89441        -0.17896        -0.03330        -4.33096         4.33478           0
        2182       -37.81190         2.44655     -1500.01100        -2.27781         1.38888       -94.77459        94.30251          -1
        2224       -42.98485        -1.46834     -1499.64292         1.45630         2.71055        -6.67794         7.35274           0
        2245       -33.69974        -3.76188     -1500.30360        -0.35097         0.19467        -3.75358         3.77498           0
        2277       -41.44230        -0.90712     -1499.75268        -0.06039        -0.01595        -2.24718         2.24804           0
        2329       -36.35864        -7.10548     -1500.11441        -0.34913        -0.88924        -1.60328         1.42402          -1
        2329       -36.49030        -7.40337     -1500.66626        -0.66942         1.64147        -0.50590         1.40201          -1
        2331       -30.96384         2.25228     -1500.49827        -0.05335        -0.04862        -2.25429         2.25544           0
        2337       -44.61724         0.26821     -1499.52677         0.94866         0.08340        -1.81273         2.04766           0
        2337       -42.44349         5.03651     -1499.68144         0.20955         0.09930        -0.66406         0.70338           0
        2337       -40.37859        -5.78806     -1499.82837         0.66673        -0.39799        -1.86022         2.01577           0
        2338       -31.60266        -1.67218     -1500.45282        -0.23855         0.08581        -9.64593         9.15178          -1
        2338       -34.93311        -0.77436     -1502.22090        -0.25598        -0.01651         0.56415         0.61972           0
        2351       -33.62399         0.87314     -1500.30899        -0.40281        -0.39731        -2.25945         2.32921           0
        2358       -38.90250         4.45419     -1499.93340        -0.00085        -0.00017        -0.04383         0.04384           0
        2369       -37.94661         5.54018     -1500.00142        -0.86874         0.35288       -29.12400        29.13909           0
        2393       -38.43616         1.10268     -1499.96658        -0.09309         0.02943        -2.92223         2.92386           0
        2405       -33.35345        -1.40776     -1500.32824        -0.87238         0.10979       -29.24391        29.25712           0
        2419       -37.27491         4.19084     -1500.04921        -0.84538         0.16605       -22.34351        22.36012           0
        2419       -32.57276         1.49049     -1502.38885         0.13818        -0.15079         0.48315         0.52466           0
        2458       -38.45793        -6.91604     -1499.96503         3.62326         3.25520       -27.84707        28.26984           0
        2458       -35.86743        -5.04878     -1502.15442         0.05925         0.02096         0.50712         0.51100           0
        2484       -36.13676         1.78678     -1500.13020        -0.27566         0.02070        -7.65605         7.66104           0
        2498       -39.33653         1.43273     -1499.90252        -0.05194         0.00261        -1.64100         1.64183           0
        2527       -41.18486        -1.96312     -1499.77100         0.98716         0.07865        -4.13236         4.24937           0
        2527       -41.00710         6.75312     -1501.26689         0.69398         0.06905        -2.10362         2.21621           0
        2530       -38.95179         7.09983     -1499.92989        -0.05914         0.01836        -2.04322         2.04416           0
        2559       -41.06980        -2.77459     -1499.77919         0.61549         2.53953        -3.64467         4.48460           0
        2559       -36.02928         1.96744     -1500.13784         1.48386         1.90895        -3.98950         4.18189           1
        2629       -44.66575        -2.15794     -1499.52332         0.07636        -0.13548        -1.58711         1.59472           0
        2647       -38.91253        -0.29580     -1499.93269         0.36350        -0.18990        -2.84844         2.87781           0
        2677       -41.16306         5.67942     -1499.77255         1.02359         1.35101        -8.78839         8.95035           0
        2705       -39.25337         6.61545     -1499.90844        -0.38384         0.09391        -9.40836         9.41666           0
        2782       -32.37256        -3.72995     -1500.39804        -0.38183        -0.11875       -16.44125        16.44612           0
        2822       -35.10537        -0.35158     -1500.20358        -1.45113         3.53746        -4.27635         5.73643           0
        2822       -41.03822         1.17063     -1499.78143        -0.43370         1.00547        -2.13039         2.39534           0
        2822       -39.13874        -1.53063     -1499.91659        -0.18937         0.33037        -1.26519         1.32125           0
        2860       -34.46143         2.15123     -1500.24940        -2.49439        -0.41877        -4.79575         4.93489           1
        2860       -31.68550         3.33604     -1500.44692       -24.60232         4.84831       -95.50880        98.23601          -1
        2860       -31.15173         3.19164     -1500.48490        -2.77593         0.52181       -19.78662        19.98721           0
        2860       -33.41602         3.74908     -1502.32885        -0.01083        -0.04878         0.48721         0.48977           0
        2860       -33.31477         0.59989     -1500.33099        -0.34889         0.60989       -33.27180        33.27922           0
        2860       -36.19013        -4.44568     -1500.12640        -0.13522         0.05010        -7.81759         7.81892           0
        2860       -37.66182        -1.68422     -1500.02168        -0.10544         0.06485        -5.03760         5.03912           0
        2937       -35.16705         3.06159     -1500.19920         0.75596        -0.31104        -0.82260         1.15969           0
        3020       -44.37480         3.45435     -1500.77101         0.05950        -0.20365         0.16115         0.06528          -1
        3020       -44.34587         3.34307     -1500.67845         0.03395        -0.21187         0.15792         0.06528          -1
        3056       -42.93039         3.68802     -1499.64680        -0.89360         0.06666       -18.47857        18.50029           0
        3079       -43.75621        -0.84589     -1499.58804        -2.29972        -0.06312       -48.31608        48.37082           0
        3102       -34.59900        -0.78044     -1500.23962        -0.96724         1.27133        -3.24850         3.62003           0
        3109       -33.70195        -1.32225     -1500.30344        -0.07107         1.83409        -4.35954         4.73017           0
        3135       -38.36850        -3.96973     -1499.97140        -0.12584        -0.03387        -4.27831         4.28029           0
        3143       -36.57386        -2.70172     -1500.09909        -4.14585        -0.46956      -113.05851       113.13548           0
        3192       -41.30581        -1.44965     -1499.76239         4.74295         4.13461       -14.18685        15.51957           0
        3207       -40.94534        -1.73234     -1499.78804         0.66361        -0.60263        -2.15208         2.33131           0
        3226       -36.76210         1.12339     -1500.08570         0.28127        -0.11621        -1.97648         1.99977           0
        3226       -43.71417        -3.19771     -1499.59103         1.60575        -1.76690        -2.31645         2.85463           1
        3226       -35.25843         1.08042     -1502.19775         0.06602         0.44015         0.25105         0.51100           0
        3242       -35.47055         6.42976     -1500.17760        -0.89156         0.28947       -26.19187        26.20864           0
        3254       -41.17572         0.57771     -1499.77165         0.67210        -0.72661        -1.20704         1.56097           0
        3322       -38.58644         6.11687     -1499.95589        -0.80182        -0.27078       -44.41049        44.41855           0
        3324       -44.34935         0.74590     -1499.54583         0.57564         0.25359        -4.74537         4.78688           0
        3355       -32.74291         0.43036     -1500.37168        -0.23736         0.01212        -0.69941         0.73868           0
        3374       -33.26543        -0.94764     -1500.33451        -0.12511        -0.00563        -3.94641         3.94840           0
        3375       -36.23794        -1.78050     -1502.12805         0.01284        -0.35068         0.37146         0.51100           0
        3388       -36.98109        -1.09436     -1500.07012        -0.19930        -0.28947       -14.79691        14.80108           0
        3388       -40.30734         4.29040     -1499.83344        -0.56344        -0.13236       -25.24531        25.25195           0
        3401       -36.70935         2.09210     -1500.08945        -2.24760        -1.05082        -1.60800         2.95662           0
        3401       -30.38098         1.40311     -1501.70351        -0.45375         0.13443        -0.19278         0.51100           0
        3425       -34.11948         3.36737     -1500.27374        -0.01548        -0.51121        -0.23990         0.56491           0
        3431       -40.02141         4.82118     -1499.85379         1.80952        -0.39724        -1.31352         2.27101           0
        3526       -34.56792         1.69627     -1500.24183        -0.06236         0.02943        -2.80710         2.80795           0
        3566       -43.69549        -1.11080     -1499.59236        -0.43537        -0.02812        -8.96792         8.97853           0
        3595       -36.91945        -2.56267     -1500.07450        -0.02564         0.31234        -2.94780         2.96441           0
        3595       -36.73123        -0.12425     -1500.08790         0.21737        -0.15619        -3.38292         3.39349           0
        3625       -36.26254        -0.34561     -1500.12125        -0.66463        -0.03846       -23.86282        23.87210           0
        3692       -35.24424        -0.32614     -1500.19370         0.98137         4.08586       -10.86098        11.14573           1
        3711       -31.99871         4.84103     -1501.34364        -0.43209         0.20123        -0.18419         0.51100           0
        3717       -39.39088        -1.85630     -1499.89865        -0.00313        -0.00231        -0.11425         0.11431           0
        3797       -35.32895         3.22763     -1500.18768        -0.13277         0.06254        -5.29728         5.29931           0
        3827       -36.21200         0.31652     -1500.12484        -0.13385        -0.00535        -3.93288         3.93516           0
        3837       -40.92188         3.47931     -1499.78971        -0.03948         0.03363        -1.44969         1.45062           0
        3893       -33.33643         2.75234     -1500.32945        -0.18931         0.02470        -5.95731         5.96037           0
        3902       -31.53579        -2.15774     -1500.45758        -0.12928        -0.01637        -5.33274         5.33434           0
        3928       -39.17648        -1.34884     -1499.91391        -0.09970        -0.01906        -3.03177         3.03347           0
        3955       -37.98964         7.20002     -1499.99836        -0.36772         0.19050       -12.14677        12.15383           0
        3956       -40.26082        -1.07438     -1499.83675         0.15080        -0.16954        -0.45516         0.50858           0
        3966       -38.72396        -3.11345     -1499.94610        -1.08570        -0.12758       -27.14676        27.16876           0
        3996       -37.94632        -2.46058     -1500.00144        -2.04232        -1.01717       -73.36064        73.39611           0
