          97       -40.49343        -3.29094     -1499.82020        -0.43651        -0.02982        -4.63706         4.65766           0
         134       -34.79161         4.90207     -1500.22591        -0.21001         0.07258        -5.85853         5.86274           0
         151       -39.96991        -4.98255     -1499.85745        -0.72366        -0.13382       -17.34572        17.36133           0
         179       -43.78491         0.61378     -1499.58600        -0.80054         0.01287       -16.78402        16.80311           0
         193       -39.51259         3.86974     -1499.88999        -0.97739        -0.08415       -86.94468        86.44071           1
         195       -36.43712        -5.79697     -1500.10882         2.22613        -0.89361        -2.33170         2.87310          -1
         195       -42.98750        -4.19099     -1499.64273         0.05844        -0.08058        -0.38956         0.40207           0
         195       -41.18060         2.04076     -1499.77130         0.46752         0.32788        -2.50227         2.56660           0
         195       -40.65729         1.71064     -1499.80854         0.34600         0.19412        -1.65982         1.70658           0
         195       -44.62406        -2.60702     -1499.52629         0.84549        -1.05266       -15.40157        15.46063           0
         195       -38.50285        -7.34938     -1499.96184         0.59067        -0.01364        -0.92689         1.09918           0
         195       -37.53708        -0.19981     -1500.03056         0.17279         0.00603        -0.28239         0.33112           0
         195       -45.15201        -0.01619     -1499.81858         0.47736        -0.11652        -0.36406         0.61154           0
         195       -44.88073        -2.27580     -1500.98813         8.96284        -0.99506       -42.22579        42.67002           1
         195       -44.87676        -2.29083     -1501.00004         1.69259        -0.39117        -8.10531         8.28939           0
         195       -44.94353        -2.17942     -1501.44834         0.24691         0.10239        -2.32238         2.33771           0
         195       -44.94429        -1.91641     -1500.40699         0.01549         0.28449        -0.12382         0.31066           0
         195       -33.17372         3.37154     -1500.34103         1.14750         0.42527        -1.29797         1.78391           0
         195       -43.85396        -4.24599     -1500.14040         0.23380        -0.13189        -0.43481         0.51100           0
         274       -36.60671         1.42290     -1500.09676         1.38598        -1.19579        -1.69749         2.49646           0
         274       -43.22168         5.06317     -1500.40328         2.70091        -2.40216        -6.10483         7.09467           0
         286       -41.94952         3.19860     -1499.71659        -0.68898         0.00186       -16.99906        17.01302           0
         318       -42.83244         1.92814     -1499.65377        -0.01868        -0.09250        -1.75985         1.76238           0
         348       -42.30185         1.75534     -1501.69658        -0.27183        -0.01637         0.14147         0.30688           0
         359       -32.45276        -2.60245     -1500.39233        -0.63117        -0.06365        -1.94807         2.04875           0
         389       -42.73491        -3.60688     -1499.66071         0.75671         0.55997        -1.89675         2.11751           0
         517       -37.69000         4.06523     -1500.01968        -0.31697         0.05347        -8.27115         8.27740           0
         546       -36.84603        -4.90055     -1500.07973        -0.00073        -0.00070        -0.04410         0.04411           0
         577       -31.52788        -3.20105     -1500.45814         0.26968        -0.22579        -0.37069         0.51100           0
         582       -42.42099         4.65352     -1499.68304        -0.06102         0.02305        -1.61795         1.61927           0
         709       -43.32767        -3.01708     -1499.61853        -0.07483        -0.00858        -1.76379         1.76540           0
         716       -37.96564         0.33322     -1500.00006        -0.25394         0.36162        -0.25664         0.51100           0
         723       -35.68657         4.56567     -1500.16223         0.77320        -0.15939        -0.67386         1.03795           0
         723       -36.57508         2.92979     -1500.09901         0.31577        -0.05078        -1.23570         1.27642           0
         723       -42.81803         3.65331     -1499.65479         0.07553        -0.01949        -0.98954         0.99261           0
         723       -43.96692         2.58574     -1499.57304         0.17606        -0.18559        -3.84645         3.85495           0
         739       -31.92484         1.61242     -1500.42989         0.24757         0.10514        -0.48755         0.55682           0
         739       -36.84203         3.12852     -1500.08001         0.97988         0.61391        -2.52967         2.78142           0
         739       -35.33664        -6.99647     -1500.18713         1.19827        -0.34609        -2.81713         3.08088           0
         773       -31.45303         0.24569     -1500.46347         0.05131         0.32763        -6.01052         6.01966           0
         775       -41.50267        -0.08190     -1499.74839         0.79580         0.18776        -0.60274         1.01580           0
         793       -39.11440         2.00553     -1499.91832        -0.24422         0.01821        -6.02541         6.03038           0
         813       -42.63872        -2.63634     -1499.66755        -2.56122        -0.23108       -55.72062        55.77993           0
         839       -41.65443         0.14497     -1499.73759        -0.29586        -0.00385        -6.82502         6.83143           0
         847       -30.69853        -2.54113     -1501.78191        -4.28017        -1.85193        -3.16150         5.63423           0
         869       -42.25453         2.21075     -1499.69489        -0.07598         0.00546        -0.70082         0.70495           0
         907       -31.35239         1.83020     -1500.47063         3.92416        -6.41738       -30.94535        31.84646           0
         907       -38.22988        -1.89517     -1499.98126         5.19679        -2.69960       -30.17789        30.23409           1
         907       -37.70296        -5.01749     -1500.01875         0.23967        -0.25176        -1.28251         1.32878           0
         907       -43.82471        -0.16239     -1499.58316        -0.08133        -0.08938        -2.85188         2.85444           0
         920       -36.89570         4.07000     -1500.07619        -0.83243         0.13994       -22.41434        22.43022           0
         955       -38.21261         3.38559     -1499.98249        -3.07647         0.40084       -78.54614        78.60739           0
        1033       -35.27333        -5.81052     -1500.19163         1.07354         0.99789        -0.93038         1.73605           0
        1149       -37.25386        -7.38312     -1500.05071         0.12454         0.05308        -1.17666         1.18442           0
        1201       -32.81311        -5.06799     -1500.36669         0.68710         0.02138        -1.94997         2.06759           0
        1205       -37.43055         1.28274     -1500.03814        -0.11359         0.00027        -3.02387         3.02601           0
        1237       -32.99912         3.10313     -1500.35345         0.15907        -0.77074        -1.16392         1.40501           0
        1279       -41.05735        -5.46593     -1499.78007         0.57917        -0.21245        -2.13377         2.22116           0
        1332       -39.19185         6.00234     -1499.91281        -3.50632         4.51449      -155.87498       155.46960          -1
        1332       -39.23941         2.42232     -1499.90943        -0.00615         0.00548        -0.29242         0.29253           0
        1385       -40.25684         4.07607     -1499.83703         0.13899        -0.14873        -0.27270         0.10294          -1
        1385       -35.58197         1.57743     -1502.17473         0.11750        -0.13501         0.06885         0.03480          -1
        1385       -33.99235         0.23421     -1501.82748         0.03635        -0.15140         0.09912         0.03231          -1
        1385       -33.82112        -1.12964     -1500.40768         0.04191        -0.03005         0.15044         0.02418          -1
        1385       -33.82112        -1.12964     -1500.40768         0.01632        -0.07569        -0.01867         0.00617          -1
        1385       -33.81158        -1.16100     -1500.42010         0.01877        -0.07472        -0.01866         0.00611          -1
        1385       -33.80774        -1.19535     -1500.42592         0.00483        -0.07847        -0.00912         0.00609          -1
        1385       -33.80979        -1.22958     -1500.43310         0.00764        -0.07706        -0.01634         0.00609          -1
        1385       -33.81059        -1.26305     -1500.44348         0.01415        -0.07727        -0.00928         0.00609          -1
        1385       -33.80504        -1.29639     -1500.45273         0.02387        -0.07403        -0.01283         0.00604          -1
        1385       -33.79512        -1.32820     -1500.46358         0.02114        -0.07275        -0.02044         0.00599          -1
        1385       -33.78386        -1.35843     -1500.47723         0.01453        -0.07394        -0.01905         0.00588          -1
        1385       -33.77246        -1.39096     -1500.48345         0.01752        -0.07388        -0.01429         0.00581          -1
        1385       -33.76872        -1.42563     -1500.48655        -0.00565        -0.07542        -0.01429         0.00576          -1
        1385       -33.76706        -1.45913     -1500.49656         0.02729        -0.07191        -0.00289         0.00576          -1
        1385       -33.75706        -1.49249     -1500.49291         0.02372        -0.07191         0.01381         0.00576          -1
        1385       -33.74058        -1.52757     -1500.49045         0.06448         0.00323         0.04148         0.00573          -1
        1385       -33.70526        -1.52926     -1500.47440         0.06462         0.01269         0.03906         0.00570          -1
        1385       -33.67626        -1.51927     -1500.45058         0.05926         0.01659         0.04518         0.00567          -1
        1385       -33.64877        -1.51522     -1500.42346         0.05405        -0.00141         0.05282         0.00556          -1
        1385       -33.62552        -1.51925     -1500.39264         0.05431        -0.00291         0.05198         0.00551          -1
        1385       -33.59473        -1.52540     -1500.36984         0.05189         0.00682         0.05359         0.00546          -1
        1385       -33.57310        -1.52225     -1500.33779         0.05347         0.00523         0.05110         0.00535          -1
        1385       -33.37693        -1.50378     -1500.32657         0.01567         0.00519        -0.03540         0.00149          -1
        1385       -33.37605        -1.50308     -1500.32928         0.01497        -0.00241        -0.03600         0.00149          -1
        1385       -33.37466        -1.50356     -1500.33181         0.01521        -0.00297        -0.03456         0.00140          -1
        1385       -33.37375        -1.50343     -1500.33460         0.00947        -0.00766        -0.03586         0.00140          -1
        1385       -33.37342        -1.50384     -1500.33748         0.00857        -0.00839        -0.03593         0.00140          -1
        1385       -33.37311        -1.50478     -1500.34024         0.00826        -0.00797        -0.03596         0.00139          -1
        1385       -33.37204        -1.50542     -1500.34288         0.00975        -0.00744        -0.03570         0.00139          -1
        1385       -33.37117        -1.50555     -1500.34568         0.01018        -0.00793        -0.03547         0.00139          -1
        1385       -33.37025        -1.50573     -1500.34845         0.00998        -0.00852        -0.03539         0.00139          -1
        1385       -33.36952        -1.50594     -1500.35128         0.01208        -0.00848        -0.03474         0.00139          -1
        1385       -33.36841        -1.50617     -1500.35399         0.01335        -0.00964        -0.03397         0.00139          -1
        1385       -33.36575        -1.50691     -1500.35827         0.00567        -0.01390        -0.03373         0.00133          -1
        1385       -33.36469        -1.50779     -1500.36318         0.01315        -0.00367        -0.03394         0.00131          -1
        1385       -33.36250        -1.50929     -1500.36752         0.01200        -0.00387        -0.03369         0.00126          -1
        1385       -33.36001        -1.51049     -1500.37179         0.01785        -0.01267        -0.02801         0.00124          -1
        1385       -33.35795        -1.51140     -1500.37635         0.01671        -0.01514        -0.02581         0.00115          -1
        1385       -33.35608        -1.51701     -1500.38318         0.01714        -0.01523        -0.02521         0.00113          -1
        1385       -33.35439        -1.52162     -1500.39075         0.01986        -0.02074        -0.01219         0.00095          -1
        1385       -33.34702        -1.52654     -1500.39141         0.02115        -0.01776        -0.01142         0.00087          -1
        1385       -33.34050        -1.53245     -1500.39120         0.02190        -0.01717        -0.01089         0.00087          -1
        1385       -33.33218        -1.53486     -1500.39274         0.02324        -0.01834        -0.00407         0.00087          -1
        1385       -33.99235         0.23421     -1501.82748         0.02608         0.00932         0.00492         0.00077          -1
        1385       -35.65140         5.81626     -1500.16473         1.03633        -0.00709        -1.99160         2.24511           0
        1385       -36.41027        -5.48609     -1500.11074         0.96928        -1.21701        -1.61237         2.24062           0
        1389       -40.80145        -0.07723     -1499.79828        -0.26537        -0.00052        -6.15062         6.15634           0
        1411       -41.43852         2.96426     -1499.75295        -1.21036         0.12092       -27.47566        27.50258           0
        1414       -39.44014        -4.80913     -1499.89515        -0.36795        -0.05493        -8.94096         8.94869           0
        1472       -33.29070        -4.00423     -1500.33271         0.02468         0.01407        -0.32088         0.32214           0
        1481       -39.60448        -4.08640     -1499.88345        -0.00078        -0.00034        -0.02401         0.02403           0
        1499       -39.27456        -3.34469     -1499.90693        -0.91718        -0.66643       -31.60971        31.63003           0
        1510       -35.51276        -6.98771     -1500.17460         0.28068        -1.27392        -2.52927         2.84585           0
        1560       -40.44022        -0.22186     -1499.82399        -0.36512         0.72130        -0.84452         1.16910           0
        1561       -35.69722         3.46577     -1500.16147        -0.29595         0.00220       -12.11775        12.12136           0
        1572       -37.90477        -6.63504     -1500.00439         1.50675        -0.52453        -5.08898         5.33321           0
        1579       -37.20040         5.23656     -1500.05451        -0.49425         0.14121       -19.81797        19.82464           0
        1614       -32.74070        -2.00202     -1500.37184        -0.23773        -0.02390        -7.69027         7.69398           0
        1640       -38.35637        -5.30521     -1499.97226         0.47577        -0.22594        -0.35373         0.63445           0
        1640       -34.77728        -2.38172     -1500.22693         1.53352        -0.35137        -0.94640         1.83598           0
        1706       -33.58447         2.50111     -1500.31180        -0.13903         0.01643        -4.41266         4.41488           0
        1707       -43.78969        -3.87495     -1499.58565        -0.05659        -0.01391        -1.33345         1.33472           0
        1710       -34.51152         0.21264     -1502.25090        -0.14942         0.35856         0.33201         0.51100           0
        1717       -36.96166         0.29949     -1500.07150        -0.76362         0.00932       -20.23093        20.24533           0
        1733       -34.41079         0.28790     -1500.25301        -0.25659         0.00334        -7.67636         7.68065           0
        1768       -37.97134        -2.70739     -1499.99966        -0.13493        -0.03645        -3.60638         3.60909           0
        1774       -36.95434         7.28650     -1500.07202        -0.30912         0.26411       -27.82336        27.32002           1
        1812       -32.37987        -1.67419     -1500.39752         2.11356         0.83403        -1.68385         2.82809           0
        1832       -42.44063        -1.56397     -1499.68165        -0.15637        -0.00593        -3.34093         3.34459           0
        1877       -37.81507        -1.53473     -1500.01078        -0.19037         0.06303        -7.64473         7.64736           0
        1878       -39.86366         6.36616     -1499.86501         0.13123         0.00562        -1.19860         1.20578           0
        1878       -31.72165         3.03052     -1500.44435         0.22332        -0.09103        -0.23585         0.33732           0
        1878       -43.20336        -1.56112     -1499.62738        -0.01574        -0.14307        -0.26870         0.30482           0
        1878       -44.80326         0.69068     -1499.51353        -0.15978        -0.45652        -0.62363         0.78921           0
        1878       -43.38533        -3.40681     -1499.61443        -0.16717        -2.12910        -1.79564         2.79022           0
        1878       -44.83238         1.55388     -1499.51146        -0.08594        -0.19474        -0.76354         0.79266           0
        1878       -37.26432         6.97073     -1500.04997         0.09015         0.01904        -0.50190         0.51029           0
        1938       -31.84685         0.38060     -1500.43544        -0.82114         0.01852       -27.85396        27.86606           0
        1940       -37.56204        -3.50246     -1500.02878         0.68913        -0.30825        -2.38484         2.50148           0
        1944       -35.51954         5.69785     -1500.17411        -0.31616         0.08435        -9.33105         9.33679           0
        2001       -41.19592         4.27179     -1499.77021        -0.28932         0.09487        -7.19068         7.19712           0
        2073       -37.97935        -4.40728     -1499.99909         0.12033         0.46548        -1.97899         2.03655           0
        2077       -38.97680        -5.29211     -1499.92811        -0.19877        -0.15930        -6.11290         6.11821           0
        2077       -31.43844        -3.63194     -1502.46956         0.35026         0.07507         0.36443         0.51100           0
        2078       -33.26252        -4.52395     -1500.33471        -0.65483        -0.15592       -21.86406        21.87442           0
        2127       -39.88292         1.06907     -1499.86364        -0.34454         0.01355        -8.26338         8.27057           0
        2132       -30.18396         0.32217     -1500.70274        -9.11808        -5.39948         2.86123        10.47724          -1
        2142       -35.21005        -3.82692     -1500.19614        -2.18366        -2.11439       -97.67152        97.71880           0
        2149       -44.24087        -2.27159     -1499.55355        -0.13765        -0.05151        -0.22269         0.26682           0
        2152       -40.71082         5.02506     -1499.80473        -0.46967         0.04795        -0.76187         0.89629           0
        2185       -40.94023        -3.23560     -1499.78841        -0.42224        -0.09934       -10.08446        10.09378           0
        2213       -38.34144         4.83866     -1499.97332        -0.30869         0.08362        -8.72500         8.73086           0
        2221       -38.36682         3.20046     -1499.97152         0.95069         0.62438        -3.09177         3.29435           0
        2221       -36.79120        -1.23026     -1500.08363        -0.05482         0.30427        -0.51240         0.59844           0
        2230       -41.31763        -4.98352     -1499.76155        -0.59237        -0.12572       -13.87503        13.88823           0
        2262       -36.36859        -1.43260     -1500.11370         0.15340        -0.26515        -1.04402         1.08803           0
        2288       -34.02016         5.24895     -1500.28080         0.02312         0.02773        -2.95838         2.95860           0
        2333       -40.56542         5.96621     -1499.81508        -0.62191        -0.01116       -14.90058        14.91356           0
        2338       -34.22768         1.20252     -1500.26604        -0.20468         0.01117        -6.17355         6.17696           0
        2377       -40.14334        -0.01014     -1499.84511        -0.10448         0.00216        -2.50567         2.50784           0
        2402       -38.44147        -7.17860     -1499.96621        -4.56774        -2.41663      -156.50234       156.07747           1
        2414       -42.30004         3.24513     -1499.69165         0.07179        -0.09589        -1.03964         1.04652           0
        2414       -33.38130        -2.79641     -1500.32626         0.02984         0.08052        -0.42184         0.43049           0
        2414       -30.82579         2.90335     -1500.50810         1.70916        -1.52053       -15.21897        14.88742           1
        2414       -30.78159         2.78861     -1501.62343        -8.13521        -1.58597       -12.25652        14.29375           1
        2414       -37.11404         0.17528     -1500.06066         0.49228        -0.57843        -5.21922         5.27420           0
        2438       -40.72333        -4.96230     -1499.80384        -0.03278        -0.02575        -0.99122         0.99210           0
        2453       -31.71521        -1.25667     -1500.44481        -0.57813        -0.36031        -3.72061         3.78246           0
        2455       -31.83837        -4.56490     -1502.22355        -0.90601         0.08048        -0.64928         1.11754           0
        2485       -39.85740         6.50197     -1499.86546         0.41915        -0.14337        -1.92712         1.97738           0
        2505       -36.68852         3.69355     -1500.09094         0.17346         0.78260        -1.18374         1.42962           0
        2505       -38.69288         0.84993     -1499.94832        -0.01372         0.54978        -0.56965         0.79180           0
        2515       -32.09576         3.32660     -1500.41773        -0.19207         0.02796       -19.03175        18.52860          -1
        2525       -34.44679         0.90993     -1500.25045        -0.12377         0.00203        -3.94953         3.95147           0
        2593       -37.32163        -5.65338     -1500.04589        -0.00861        -0.00032        -0.33626         0.33637           0
        2621       -35.56001         4.43667     -1500.17123         2.01750         1.01116        -4.44532         4.98534           0
        2669       -33.07890         5.06797     -1500.34778        -0.37996         0.21698       -16.85591        16.86158           0
        2716       -33.27718        -2.63173     -1500.33367        -0.26137        -0.12341        -0.42140         0.51100           0
        2716       -35.90176        -4.26936     -1500.14692        -0.54052        -0.18524        -0.62250         0.84498           0
        2740       -30.82856        -2.94801     -1500.50790        -0.02420        -0.02447        -0.24255         0.24498           0
        2740       -30.84328        -2.97302     -1500.50685        -0.48842        -0.49366        -4.83794         4.88753           0
        2740       -36.51998        -3.00880     -1500.10293        -0.00020        -0.00057        -0.04211         0.04211           0
        2740       -33.47669        -0.44463     -1500.31947         0.15124        -0.07269       -11.95976        11.96094           0
        2748       -43.61827         4.65700     -1501.10262         0.43228        -0.27010        -0.03606         0.51100           0
        2757       -32.92826         0.02913     -1500.35850        -0.00491        -0.04439        -1.21387         1.21469           0
        2765       -42.96361        -1.21091     -1499.64443        -0.54947        -0.02164       -11.85137        11.86412           0
        2766       -41.48039         2.48765     -1499.74997        -0.02888         0.01156        -0.83032         0.83091           0
        2784       -39.39504         1.08017     -1499.89835        -0.33201         0.27834        -0.65690         0.78690           0
        2790       -38.53640        -5.13015     -1499.95945        -3.58648        -0.84986      -159.01986       158.55239           1
        2790       -43.55802         3.28498     -1499.60214        -0.19290         0.06589        -5.01949         5.02362           0
        2848       -38.07910         1.85053     -1499.99199        -0.23831         0.02917        -6.29019         6.29477           0
        2878       -40.73775         3.87683     -1499.80281        -0.33115        -0.11361        -0.25646         0.43398           0
        2880       -43.33012         4.51286     -1499.61836        -0.27642         1.46667        -6.46924         6.63917           0
        2880       -35.59329        -5.38363     -1500.16887         0.01059        -0.01377        -0.20670         0.20743           0
        2920       -43.14671        -0.96984     -1499.63141         0.23708        -0.23649        -0.49768         0.59985           0
        2921       -35.63453        -3.28501     -1500.16593         0.56260         0.89653        -0.73024         1.28590           0
        2947       -36.04730         1.13427     -1500.13656         0.20033        -0.24753        -0.39965         0.51100           0
        2958       -35.24379         4.77720     -1500.19374         0.06125         0.18097        -0.79681         0.81939           0
        2958       -32.08233        -3.27936     -1502.42374        -2.09789         1.51223         2.64321         3.69791           0
        2962       -39.49526        -3.49802     -1499.89122        -1.58783        -0.10840       -40.23355        40.26502           0
        2964       -35.23225        -4.01003     -1500.19456        -0.20675        -0.04595        -7.75732         7.76021           0
        2995       -42.32104        -2.88733     -1499.69016         0.95953        -2.00277        -4.35882         4.89194           0
        2995       -32.46370        -3.32435     -1500.39155         6.61583        -6.62751       -10.63290        14.16868           0
        3016       -34.36434         0.36133     -1500.25631         0.22566        -1.00920        -0.81839         1.31878           0
        3025       -40.51286         2.37422     -1499.81882        -0.16620         0.02027        -4.61648         4.61952           0
        3038       -41.89935        -0.90864     -1499.72016        -0.10356        -0.01826        -2.28401         2.28643           0
        3161       -36.31146        -6.44300     -1500.11777        -0.22535        -0.13479       -12.58501        12.58775           0
        3230       -38.64864         6.57960     -1499.95146         0.43089         0.10157        -0.62263         0.76397           0
        3251       -33.44925         2.45626     -1500.32143        -0.09745        -0.02877        -4.94692         4.94796           0
        3262       -32.81737         2.27379     -1500.36639        -0.51091         0.05349       -16.51490        16.52288           0
        3285       -43.07982         1.51349     -1499.63617        -0.16256         0.00873        -3.48500         3.48880           0
        3309       -32.76609         5.09872     -1500.37004         0.17015         0.61184        -1.35175         1.49349           0
        3345       -36.76139         4.97449     -1500.08575        -0.40012         0.12008       -11.41852        11.42616           0
        3349       -44.39950         2.95909     -1499.54226        -0.11220         0.01302        -2.46735         2.46993           0
        3363       -37.73670         4.51802     -1500.01635         0.81236        -0.27385        -1.81994         2.01174           0
        3390       -31.51194        -1.92807     -1500.45927        -0.47344         0.29435        -0.58814         0.81036           0
        3405       -33.17711        -3.50364     -1500.34079        -0.85771        -0.02405       -31.59288        31.60453           0
        3486       -42.18427         0.68118     -1499.69989        -0.58590         0.01282       -12.96092        12.97417           0
        3508       -32.76278        -1.20847     -1500.37027         1.78081        -1.07768        -5.22195         5.62152           0
        3534       -35.71755        -7.20035     -1500.16002         0.64307         0.24414        -5.58156         5.62379           0
        3562       -35.70918        -0.06080     -1500.16062         0.52336        -0.27547        -2.26797         2.34382           0
        3580       -31.03890        -2.67880     -1500.49293         1.09861        -0.22292        -3.51715         3.21567          -1
        3580       -30.75448        -2.74689     -1501.47586        -3.40542         1.03865        -0.78590         3.17063          -1
        3599       -44.67611        -0.60409     -1499.52258        -0.27972         0.11725        -4.75193         4.76160           0
        3616       -41.74084        -3.90515     -1499.73144        -0.16149        -0.03505        -3.66771         3.67143           0
        3621       -36.37142        -6.19621     -1500.11350        -0.22743        -0.04124        -6.96045         6.96429           0
        3628       -38.12149         0.79316     -1499.98897        -0.46739         0.01414       -11.97206        11.98118           0
        3658       -38.16870         2.74019     -1499.98561         0.00212        -0.00175        -0.13763         0.13766           0
        3664       -42.96484         0.69675     -1499.64435         0.65651        -0.03020        -0.48977         0.81963           0
        3676       -35.72428         3.28498     -1500.15955        -0.16802         0.07225        -8.50989         8.51185           0
        3725       -40.11127         1.17643     -1499.84739        -0.39475         0.03827        -9.60671         9.61489           0
        3732       -32.30908         3.33919     -1500.40255        -3.81902         8.18047        -8.03180        11.58346           1
        3740       -35.47133         1.46615     -1500.17755         0.51690        -0.51607        -3.04719         3.13351           0
        3783       -37.58035         6.01251     -1500.02748        -0.13525         0.03231        -3.50939         3.51215           0
        3879       -39.65608         5.17905     -1499.87978         0.42175         0.02711       -12.16176        12.16910           0
        3892       -43.31048        -4.07689     -1499.61975         0.46340         0.04994        -1.12687         1.21945           0
        3935       -36.41921        -7.32973     -1500.11010        -1.52238        -0.45463       -41.75557        41.78579           0
        3970       -35.99980         7.03807     -1500.13994        -0.05986         0.01491        -1.98365         1.98461           0
