          14       -41.49092         1.78648     -1499.74922        -0.01744        -0.01054        -0.71741         0.71770           0
          73       -39.41750         5.57051     -1499.89676        -1.09033         0.24105       -26.64274        26.66613           0
         109       -33.90104         4.12910     -1500.28928        -0.00077         0.00440        -0.23210         0.23214           0
         117       -36.08285         1.12796     -1500.13403         0.00431         0.07298        -0.27205         0.28170           0
         152       -33.68286         6.07777     -1500.30480        -0.12001        -0.00248        -0.57191         0.58437           0
         152       -31.66487         1.10856     -1500.44839         0.06425        -0.41429        -0.45814         0.62101           0
         164       -38.28931         6.33342     -1499.97703        -0.01030        -0.00091        -0.24025         0.24047           0
         177       -33.87099         5.12181     -1500.29142        -0.00039        -0.00019        -0.04076         0.04076           0
         182       -43.59201        -2.52839     -1499.59972        -0.11735        -0.54583        -0.90072         1.05972           0
         187       -35.12110         2.13362     -1500.20247        -0.21617         0.01351        -6.11125         6.11509           0
         191       -34.90326         6.33049     -1500.21797        -0.32485         0.07341        -9.99582        10.00137           0
         197       -44.78869        -0.44172     -1499.51457         0.78266         2.04074        -2.97912         3.69490           0
         197       -43.62430        -3.85222     -1499.59742         0.18054        -0.12499        -0.35908         0.42090           0
         197       -43.96692        -1.88431     -1499.57304         0.72883         0.18200        -1.75797         1.91175           0
         197       -44.45958        -0.83578     -1499.53799         0.24793         0.09474        -0.56647         0.62557           0
         197       -43.91897        -1.61583     -1499.57646         0.46552         0.03383        -0.86355         0.98161           0
         197       -44.42147        -3.21708     -1499.76648         0.63249        -0.19683        -1.36517         1.51739           0
         241       -35.15559        -3.26792     -1500.20001        -0.10213         0.43961        -1.30309         1.37904           0
         251       -39.88273        -1.61806     -1499.86365        -0.05314         0.01094        -1.56759         1.56853           0
         271       -40.46142        -1.14336     -1499.82248        -0.42185        -0.01754        -9.90067         9.90967           0
         293       -42.15448        -4.77745     -1499.70201        -0.11923        -0.01094        -1.80438         1.80835           0
         300       -40.88421        -1.12685     -1499.79239        -0.78180        -0.03553       -18.04993        18.06689           0
         311       -30.58225        -2.31235     -1500.52543        -0.00668        -0.00000        -0.80490         0.80493           0
         311       -42.18723        -1.40123     -1499.69968        -1.79778         0.18098       -50.68159        50.71379           0
         333       -37.06241         4.29730     -1500.06433        -0.04537         0.36854        -1.18009         1.23713           0
         367       -41.09990         3.90445     -1499.77705        -0.05914         0.49354        -0.90535         1.03283           0
         376       -39.11111        -0.23998     -1499.91856        -0.00836         0.00246        -0.43017         0.43026           0
         430       -38.82944         1.14381     -1499.93860         0.36979         0.09787        -0.53961         0.66144           0
         448       -41.70022         2.50834     -1499.73433        -6.93804        -5.00975       -12.41119        14.57319           1
         448       -42.00043         2.46229     -1499.71297        -0.75976        -0.52834        -1.29011         1.58769           0
         486       -40.37665        -5.68306     -1499.82851         0.61778        -0.14520        -4.71492         4.75744           0
         586       -35.47755        -2.87287     -1500.17710         0.10068        -0.76868        -1.11733         0.94177          -1
         586       -36.33522        -5.42145     -1500.11608        -0.15767         1.34938        -8.65527         8.76124           0
         635       -40.20126        -4.81719     -1499.84099        -0.18269        -0.03227        -4.23582         4.23988           0
         636       -34.27766         4.11814     -1500.26248         0.05467         0.17437        -0.07444         0.19732           0
         674       -39.47649         2.74447     -1499.89256        -0.10384         0.03615        -3.10938         3.11132           0
         682       -35.84991        -3.80176     -1500.15061        -0.20136        -0.50266        -1.21616         1.33126           0
         711       -33.29437         3.34948     -1500.33245        -0.61927         0.42796        -1.10086         1.33362           0
         720       -33.06124        -4.83346     -1500.34903         0.08890        -0.56344        -0.29426         0.64184           0
         732       -38.99865        -5.42955     -1499.92656         0.07520        -0.06751        -0.79022         0.79665           0
         735       -37.77155        -5.41276     -1500.01387        -0.03797        -0.02006        -1.45520         1.45583           0
         745       -33.62424        -0.10144     -1500.30897        -0.29701        -0.07445       -15.77712        15.78009           0
         769       -36.36081        -6.86489     -1500.11425        -0.24783        -0.09907        -7.14174         7.14673           0
         801       -38.97857         5.81697     -1499.92799        -0.63721         0.14870       -15.48537        15.49919           0
         839       -42.09143        -1.37469     -1499.70649         0.35309        -2.28291       -15.11651        15.29200           0
         849       -38.70419        -4.94666     -1499.94751        -0.74812         1.00411        -6.51842         6.14624           1
         849       -36.25274         4.25525     -1500.12194         0.56826         6.75549        -9.23236        10.95448          -1
         849       -33.09711         4.49712     -1500.34648         0.06817         0.20174        -0.27288         0.34613           0
         858       -37.86686         6.95087     -1500.00709        -0.06563        -0.08192        -0.19231         0.21910           0
         900       -41.36323        -0.32729     -1499.75831        -0.06968        -0.00245        -1.86934         1.87064           0
         924       -30.54393        -1.93137     -1500.52815         0.44999        -0.53407        -1.88014         2.00565           0
         924       -37.79612        -2.50713     -1500.01213         0.04237        -0.26709        -0.87102         0.91203           0
         924       -42.45913         5.54938     -1499.68033        -1.03146        -1.30678       -13.78589        13.88605           0
         924       -43.85579        -0.39676     -1499.58095        -0.12542        -0.35838        -2.12899         2.16258           0
         924       -40.01325         4.07471     -1499.85437        -0.06837        -0.24402        -2.33543         2.34913           0
         974       -31.31295         0.61890     -1500.47343         2.33633         0.86278        -4.32953         4.99477           0
        1010       -36.28637         1.72311     -1500.11955        -0.22043         0.02173        -6.31514         6.31902           0
        1018       -39.58608         4.81913     -1499.88476        -0.52933         0.09354       -12.84365        12.85490           0
        1095       -37.30981        -3.16496     -1500.04673        -0.50388        -0.86274        -0.18067         1.01531           0
        1123       -38.96526        -2.81474     -1499.92894         0.85988         0.03090        -3.81862         3.91436           0
        1220       -39.29969         3.92883     -1499.90514         1.94501        -0.60776        -3.20428         3.79735           0
        1220       -38.62677        -1.04800     -1499.95302         0.63441        -0.46921        -1.01649         1.28681           0
        1220       -44.61236         2.90578     -1500.48739         0.50134        -0.06766        -0.07211         0.51100           0
        1242       -31.33543         3.03900     -1500.47183         1.79223         0.32668        -4.38984         4.75284           0
        1275       -36.26239        -1.66377     -1500.12126         3.95006        -0.94361       -13.76818        13.85275           1
        1275       -32.92125        -2.40344     -1500.35900         1.17654        -0.31519        -3.01496         3.25170           0
        1275       -36.74404        -3.17130     -1500.08699         0.20897        -0.10745        -0.82870         0.86137           0
        1300       -38.89229         4.10631     -1499.93413        -0.15741         0.03046        -7.07047         7.07229           0
        1326       -39.85410         3.22269     -1501.87075        -0.19980        -0.10111         0.19828         0.29910           0
        1326       -40.67998         4.71842     -1499.80693         0.54496        -0.62268        -8.51559         8.55570           0
        1326       -39.29518         3.71475     -1499.90546         0.21117        -0.21039        -2.14186         2.16250           0
        1326       -40.62839         5.53577     -1499.81060         0.05945        -0.03370        -0.50641         0.51100           0
        1328       -36.88534        -1.39644     -1500.07693        -1.68145        -0.09535       -45.24847        45.27980           0
        1397       -34.72110        -5.35128     -1500.23093        -0.14345         0.06918        -0.39009         0.42135           0
        1406       -33.31482        -3.68736     -1500.33099        -0.80556        -0.45894        -2.00187         2.20614           0
        1436       -40.66792        -5.41303     -1499.80778        -0.54907        -0.10616       -12.81568        12.82787           0
        1437       -36.48193         2.04384     -1500.10564        -0.10142         0.00337        -0.27172         0.29005           0
        1440       -39.38047         1.07779     -1499.89939        -0.00715         0.00043        -0.25604         0.25614           0
        1446       -37.84358        -1.31572     -1500.00875        -0.03876        -0.00476        -1.08924         1.08994           0
        1455       -42.55914         5.70185     -1500.40187         0.51354        -0.40317        -0.48794         0.81508           0
        1461       -31.56220        -0.60854     -1500.45570         1.97905        -1.87318      -202.43456       201.94254          -1
        1461       -30.20358         0.58894     -1500.55237         0.00679        -0.00305        -0.48315         0.48320           0
        1463       -32.65245        -5.28469     -1500.37812         0.13597        -0.28701        -0.81310         0.87293           0
        1470       -32.84972         5.58399     -1500.36408        -0.29160        -0.09090        -0.18800         0.35866           0
        1483       -38.36960        -1.78185     -1499.97132        -0.34196        -0.02395        -8.68051         8.68727           0
        1484       -39.83851        -2.39177     -1499.86680         0.19813         0.00415        -0.80348         0.82756           0
        1484       -41.77895        -6.34443     -1501.72988         2.34867        -0.79698        -8.62413         8.97369           0
        1485       -42.77397        -1.87002     -1499.65793        -0.00973        -0.00752        -0.38879         0.38899           0
        1485       -42.82987        -4.23104     -1499.65395         0.07680        -0.12073        -1.02283         1.03279           0
        1501       -34.70462        -2.87257     -1500.23210        -1.19026        -0.26740       -44.74928        44.76590           0
        1509       -34.88342        -0.97005     -1500.21938        -0.23858        -0.00191        -7.23816         7.24209           0
        1525       -36.23512         5.16528     -1500.12320        -1.56755         0.52019        -5.58420         5.82332           0
        1527       -44.28096         1.48193     -1499.55070        -0.13614         0.00646        -2.80629         2.80960           0
        1539       -34.49317        -1.10967     -1500.24715        -0.38535        -0.05458       -16.69766        16.70220           0
        1541       -32.83413         3.82356     -1500.36519         0.16947         0.25576        -0.49614         0.58334           0
        1541       -38.15646        -6.96348     -1499.98649         0.42704         0.19917        -3.92158         3.94978           0
        1544       -32.09942         5.01636     -1500.60492        -0.13137        -0.27390        -0.41091         0.51100           0
        1554       -36.42197        -0.50683     -1500.10990        -1.41009        -0.84603        -3.74173         4.08713           0
        1576       -44.68578         2.74315     -1500.58774         0.46225        -0.56627        -1.10036         1.32103           0
        1586       -41.52914         2.52611     -1499.74650        -0.06480         0.03666        -1.56421         1.56598           0
        1657       -40.71606         0.20046     -1499.80436        -0.11464        -0.00203        -2.68053         2.68298           0
        1676       -34.00294         3.03707     -1500.28203        -1.06882         1.15705       -78.01854        77.52512           1
        1775       -37.13716        -2.70253     -1500.05901        -0.21323        -0.03037        -5.69484         5.69892           0
        1806       -34.29191         5.59398     -1500.26147         0.01406         0.02142        -0.39607         0.39690           0
        1808       -35.16670         4.93274     -1500.19922        -0.17229        -0.01863        -0.83970         0.85739           0
        1823       -31.68907         1.71333     -1500.44667        -0.22995         3.37780        -3.36113         4.77070           0
        1837       -35.73702         0.28331     -1500.15864        -0.00340        -0.00259        -0.17083         0.17088           0
        1872       -31.77232         1.60953     -1500.44075         0.17565        -0.07522        -0.54089         0.57365           0
        1899       -38.32632        -1.16398     -1499.97440         0.77862         0.34080        -4.49805         4.57764           0
        1933       -32.40089        -4.46039     -1500.39602         4.04416        -3.21398       -10.70120        11.88278           0
        1933       -38.90059        -4.39289     -1499.93354         1.77123        -2.19144        -7.27400         7.80069           0
        1970       -37.28220        -7.08734     -1500.04869        -0.14991        -0.05689        -4.48526         4.48813           0
        2012       -37.85470         6.72541     -1500.00796        -0.12631         0.03289        -3.24911         3.25173           0
        2021       -32.07986        -1.01571     -1500.41886         0.02172         0.22438        -1.19033         1.21149           0
        2029       -38.49332         6.03921     -1499.96252        -9.59165         6.29497       -29.82373        31.44745           1
        2029       -37.77312         6.13331     -1500.01376        -0.17511         0.12426        -0.58574         0.62386           0
        2029       -33.89692        -0.74235     -1500.28957        -1.51475         0.09573        -8.02913         8.17132           0
        2029       -36.52290        -6.93875     -1500.10272        -0.10163        -0.06127        -0.38378         0.40171           0
        2029       -36.05550        -6.08543     -1502.14104         0.10813         0.03846         0.11328         0.16125           0
        2029       -34.02540        -1.01045     -1500.28043        -0.13082        -0.00153        -0.67088         0.68352           0
        2029       -37.21570         0.43361     -1500.05343        -0.64737         0.00582       -17.86059        17.87232           0
        2059       -34.50999         3.69756     -1500.24595        -0.18694         0.10501        -0.54106         0.58200           0
        2059       -39.57800        -3.67437     -1499.88534        -0.59497        -0.32299       -27.98879        27.99697           0
        2121       -41.46437        -3.02097     -1499.75111        -0.04414        -0.00574        -1.23556         1.23636           0
        2121       -44.56430        -2.72575     -1499.53054        -0.37315        -0.06387        -7.74215         7.75140           0
        2123       -34.88450        -1.45977     -1500.21930        -0.24400        -0.03558        -7.27781         7.28199           0
        2218       -38.44442        -1.85283     -1499.96600         1.02460         0.42290        -4.28442         4.42548           0
        2244       -33.35724         4.86434     -1500.32797        -3.12075        -2.06123       -48.99623        48.63042           1
        2244       -33.64701         3.79696     -1500.30735        -0.01996        -0.01962        -0.27181         0.27325           0
        2244       -38.53817         2.08915     -1499.95932         1.31397         0.36385        -3.21555         3.49266           0
        2244       -36.11398        -1.60927     -1500.13182         4.65717        -0.16318        -9.39912        10.49092           0
        2348       -37.42162        -2.83922     -1500.03877        -0.18640        -0.16867        -8.57177         8.57546           0
        2412       -36.51580         1.41645     -1500.10323        -0.03168         0.37395        -0.34681         0.51100           0
        2412       -40.61045         2.33251     -1499.81187        -0.02522         0.00199        -0.47204         0.47272           0
        2434       -37.13513         6.67295     -1500.05916         3.48573         0.06227        -3.49860         4.93907           0
        2441       -31.73033         3.71071     -1500.44373         0.38254         0.15703        -0.80446         0.90452           0
        2441       -34.27959        -3.14781     -1500.26234         0.17492        -0.10230        -0.58013         0.28821          -1
        2447       -35.67444        -3.57491     -1500.16309         0.02825         0.03378        -0.69000         0.69140           0
        2471       -40.62846        -0.09932     -1499.81059         0.54444        -0.43269        -1.17323         1.36386           0
        2509       -41.16880        -5.24318     -1499.77214         0.04263        -1.23185        -1.36312         1.83776           0
        2514       -35.36850         1.54985     -1500.18486         0.00427         0.00566        -0.06396         0.06435           0
        2561       -32.26981        -3.15231     -1500.40535         0.45772        -0.08929        -2.06588         2.11786           0
        2569       -38.29093        -2.64985     -1499.97692        -0.43491        -0.02002       -11.62072        11.62887           0
        2576       -43.02235         0.04645     -1499.64025        -0.07669         0.00259        -1.67283         1.67459           0
        2604       -43.03267         3.09715     -1499.63952        -0.27391         0.00659        -5.71367         5.72023           0
        2616       -44.44837         2.40014     -1499.53879        -0.23886         0.01800        -4.86153         4.86743           0
        2644       -31.61575         4.41715     -1500.45189         0.65790         1.21215       -55.26443        55.28163           0
        2666       -41.66102         0.29879     -1499.73712        -0.43869         0.01039        -9.75643         9.76629           0
        2671       -37.23280        -4.25841     -1500.05221        -0.34835        -0.54258        -0.58702         0.87197           0
        2677       -34.94452        -0.13703     -1500.21503        -0.12544         0.00070        -3.74685         3.74895           0
        2680       -37.75512        -5.18413     -1500.01504        -0.04924        -0.14796        -1.70738         1.71448           0
        2688       -32.50810        -1.95052     -1500.38839        -1.19716        -0.20307       -41.32834        41.34617           0
        2741       -41.05789        -0.96308     -1499.78004         0.75846         0.61462        -4.44096         4.54699           0
        2748       -32.93427        -3.63673     -1500.35807        -0.86445        -0.27189       -43.21162        43.22112           0
        2787       -39.00703        -3.57260     -1499.92596        -0.43504        -0.05902       -10.61959        10.62866           0
        2837       -42.65880         2.62258     -1499.66612        -0.33185         0.03214        -6.09610         6.10521           0
        2875       -33.05100        -1.33094     -1500.34976         0.08210        -0.58923        -0.90531         0.68676          -1
        2893       -32.48598        -3.16257     -1500.38997         0.70597         0.49022       -19.32679        18.84164          -1
        2942       -32.05155        -4.84285     -1500.42088         1.96634        -2.48948        -4.78106         5.73782           0
        2954       -40.15738         0.53586     -1499.84411        -0.19659         0.00375        -4.66978         4.67392           0
        2981       -30.78960        -1.76022     -1500.51067        -0.30042        -0.00459       -11.95563        11.95940           0
        3011       -35.60417         2.59135     -1500.16809        -0.05667         0.00628        -1.60821         1.60922           0
        3033       -31.36388         0.38925     -1500.46981         0.22317         0.06272        -0.45539         0.51100           0
        3033       -41.28444        -3.81653     -1499.76391         4.18289         0.34959       -14.94200        15.52037           0
        3068       -42.49478        -5.74326     -1500.18606         0.19587         0.32694        -0.34039         0.51100           0
        3113       -34.19778        -2.78526     -1500.26816         0.08426        -0.13176        -0.57337         0.59432           0
        3119       -31.57852         2.13279     -1500.45454         0.30003         0.21782        -0.39418         0.54115           0
        3119       -43.29293        -1.38144     -1499.62100        -0.28737         0.55584        -0.96486         1.15000           0
        3119       -41.41500        -3.93319     -1499.75463        -0.00841        -0.00593        -0.38117         0.38131           0
        3141       -37.95927         1.58421     -1502.00557        -0.02672        -0.10144         0.15949         0.19090           0
        3183       -34.69900         0.43437     -1500.23250         0.30267        -0.35679        -0.33495         0.57541           0
        3188       -39.99506        -3.17925     -1499.85566        -0.67759        -0.28076        -1.33225         1.52081           0
        3192       -30.63119        -0.49689     -1500.52194        -1.42413         0.05259       -52.50081        52.52015           0
        3193       -32.89216        -3.44672     -1500.36106         0.92498        -0.20998        -2.67375         2.83701           0
        3212       -31.69953         0.79575     -1502.45098        -0.01049        -0.21266         0.15025         0.26059           0
        3247       -33.11520        -0.78500     -1500.34519        -0.03636         0.28920        -0.20121         0.35418           0
        3247       -37.41515        -6.38839     -1500.03923        -0.31543         0.02053        -0.22338         0.38706           0
        3247       -32.66031        -4.45596     -1500.37756         0.55148         0.07524        -0.54533         0.77922           0
        3247       -34.72658        -4.26118     -1500.23054         4.24731         1.24268        -4.33943         6.19795           0
        3247       -34.50869         3.99143     -1500.24604         0.98899         0.75787        -0.81672         1.48979           0
        3264       -34.96512        -4.04169     -1500.21356        -0.00188         0.00029        -0.11818         0.11820           0
        3274       -37.04490        -3.34729     -1500.06558        -0.44930         0.78339        -8.67411         8.22495           1
        3335       -44.43287        -3.41590     -1501.30801         4.62329         0.59603       -11.60294        12.50433           0
        3360       -35.01908         4.13990     -1500.20972        -0.11924         0.04485        -3.67685         3.67906           0
        3481       -37.38290         1.41562     -1500.04153        -0.15940         0.03817        -5.56633         5.56875           0
        3489       -37.33845        -1.36950     -1500.04469        -0.22617         0.06237        -6.94811         6.95207           0
        3517       -40.65835         6.64039     -1499.80846        -1.99912         0.43626       -41.81582        41.86585           0
        3518       -39.21145         4.08940     -1499.91142         0.65356         0.31993        -1.28569         1.47733           0
        3676       -33.67266        -0.26507     -1500.30553        -0.10932        -0.35318       -18.32572        17.82557           1
        3703       -32.24041        -1.84486     -1500.40744         0.48893        -0.42006        -1.91015         2.01598           0
        3761       -37.39937        -5.76084     -1500.04036        -0.65217        -0.15729       -17.11057        17.12372           0
        3785       -38.04588        -6.22301     -1499.99435        -0.16134        -0.03992        -4.10296         4.10633           0
        3816       -42.83095         2.97682     -1499.65387         0.51674         0.02837        -1.21248         1.31830           0
        3816       -44.80302         0.71669     -1499.51355         0.00254        -0.12463        -1.57021         1.57515           0
        3816       -43.83943         0.01525     -1499.58212         0.04709        -0.10509        -0.85284         0.86058           0
        3816       -41.28865         3.50615     -1499.76362         0.58839         0.31785        -1.19424         1.36874           0
        3816       -44.58117         0.91774     -1499.52934         0.00425        -0.37852        -3.11228         3.13521           0
        3816       -35.60280        -3.13356     -1500.16819         0.32125        -0.21549        -0.52145         0.64926           0
        3836       -36.99699         5.83837     -1500.06899         1.67798         5.27333       -88.08788        88.26154           0
        3850       -31.69674        -4.29903     -1500.44612        -0.00019         0.00026        -0.04608         0.04608           0
        3884       -44.34591         1.60212     -1499.54608        -2.18022        -0.47909       -53.39991        53.44654           0
        3901       -34.48703         6.10270     -1500.24758         0.19799        -0.06891        -0.21594         0.30096           0
        3906       -39.04049         3.45306     -1499.92358        -0.00023        -0.01724        -0.41888         0.41924           0
        3926       -39.76538         0.88334     -1499.87200        -3.31641         0.39655       -74.78216        74.85671           0
        3926       -41.21222        -2.50727     -1501.77411        -0.13237        -5.88159         3.92429         6.57927          -1
        3926       -40.46252        -1.49922     -1501.82746         0.00950        -0.09031         0.09107         0.12861           0
        3926       -39.13980        -2.06299     -1501.92157         0.08910        -0.33883         0.32132         0.47538           0
        3967       -39.04154        -6.92630     -1499.92351        -0.16291        -0.04440        -4.23927         4.24264           0
        3969       -33.31807        -0.54502     -1500.33076        -0.03470        -0.04169        -1.78525         1.78607           0
        3975       -38.12932        -3.60371     -1499.98842        -0.00210         0.00069        -0.13332         0.13334           0
