          10       -44.25854         3.51650     -1499.59671         0.15256        -0.21361        -0.04484         0.26630           0
          92       -43.71498         1.14271     -1499.59097        -0.37787         0.04786       -12.16089        12.16685           0
         112       -35.45075         4.01426     -1500.17901        -0.27597         0.33499        -0.50020         0.32548          -1
         136       -33.71093         2.11383     -1500.30281        -0.44012         0.05414       -13.88947        13.89655           0
         181       -34.91664        -2.01056     -1500.21701        -0.07060        -0.00513        -2.07481         2.07602           0
         193       -30.79875        -0.83057     -1500.51002        -0.01146         0.01231        -0.53509         0.53536           0
         235       -37.33458        -5.35107     -1500.04497         1.37766        -2.45007       -21.42185        21.10051          -1
         235       -40.39406         1.72220     -1499.82727         1.79095        -1.70430        -4.88911         5.47865           0
         235       -39.50108         6.11831     -1499.89081         2.57446        -1.41043        -5.78913         6.49085           0
         243       -44.21577        -3.76606     -1500.94867         0.34433         0.91814        -3.03038         3.18508           0
         267       -37.09378        -3.01794     -1500.06210         3.38136        -0.13193        -9.08530         9.69503           0
         278       -34.76116         3.42194     -1500.22808        -0.00160         0.00171        -0.24949         0.24950           0
         293       -44.41221         0.49015     -1499.54136        -0.13184        -0.00111        -0.92407         0.93342           0
         293       -38.43185        -4.27754     -1499.96689        -0.01436         0.03310        -0.94192         0.94261           0
         299       -36.10217         5.21778     -1500.13266         0.17014         0.66458        -0.81718         1.06696           0
         299       -42.21559         0.63719     -1499.69766         0.59075        -0.35956        -1.16503         1.35484           0
         309       -32.52519         0.67616     -1500.38718         0.00751        -0.00180        -0.28065         0.28075           0
         326       -35.33667         2.33697     -1500.18713        -0.15925        -0.02156        -0.27118         0.31522           0
         326       -33.60598         4.51047     -1500.31027        -2.43919         0.93721        -6.60962         6.61474          -1
         335       -38.45129         1.14444     -1499.96551         2.42248         0.90679        -6.16033         6.68134           0
         423       -41.97819         0.55971     -1499.71455         0.52869        -0.13733        -2.86871         2.92025           0
         423       -41.27807        -5.37402     -1499.76437         2.06206        -1.38434        -6.75923         7.20109           0
         423       -31.68163        -4.52098     -1500.49185        -0.39136        -0.24144        -0.22285         0.51100           0
         445       -35.10750         4.46485     -1500.20343        -1.00049         1.93395       -57.51699        57.04946          -1
         449       -40.15049        -5.52843     -1499.84460        -1.46902        -0.50488       -53.66994        53.69241           0
         460       -36.02820        -3.84777     -1500.13792        -0.50260        -0.08597       -14.61886        14.62775           0
         496       -31.58968        -2.07387     -1500.45374        -0.11782        -0.01441        -4.07392         4.07565           0
         522       -44.66551        -2.72206     -1500.18659         0.07844        -0.10564        -0.36875         0.39152           0
         530       -37.24079         2.06228     -1500.05164        -0.16528        -0.00461        -4.56016         4.56316           0
         538       -37.63321        -2.13254     -1500.02372        -0.13973        -0.01217        -3.64897         3.65167           0
         553       -43.66927        -1.77404     -1499.59422        -0.36975         0.04831        -6.80212         6.81233           0
         566       -36.66313        -1.38193     -1500.09274        -0.01084         0.00699        -0.64053         0.64066           0
         584       -36.17320        -2.18521     -1502.13266         0.06232         0.40581         0.30422         0.51100           0
         585       -39.89079         5.43111     -1499.86308        -0.73560         0.22073       -22.26182        22.27507           0
         585       -38.97921         7.33535     -1501.93300         0.03822         0.03634         0.50827         0.51100           0
         614       -42.47864         2.90224     -1499.67894        -0.00367         0.00006        -0.10618         0.10625           0
         619       -41.68230        -1.45544     -1499.73561        -0.68155        -0.03473       -15.28691        15.30214           0
         621       -34.71369         3.07610     -1500.23145         0.36783         1.05078       -15.45929        15.49933           0
         636       -37.16558        -0.33406     -1500.05699        -5.05669        -0.96764       -10.40454        11.10889           1
         657       -32.96706        -5.07292     -1500.35574        -0.03443        -0.01748        -1.19938         1.20000           0
         665       -39.70806         5.97987     -1499.87608        -0.15328         0.01472        -4.68728         4.68981           0
         726       -42.40930         2.28289     -1499.68388        -0.96499         0.04206       -23.31423        23.33423           0
         734       -42.50847        -2.62293     -1499.67682        -0.14624        -0.03859        -3.91187         3.91479           0
         742       -38.66696        -6.91935     -1499.95016        -0.07714        -0.22923        -0.45014         0.51100           0
         760       -41.21658         4.87837     -1499.76874         0.20285         0.17949        -1.40298         1.00651           1
         760       -42.32229         3.96032     -1501.69512        -0.24433         0.02456         0.44813         0.51100           0
         781       -34.31658        -3.40414     -1500.25971         0.37506        -0.19079        -0.28991         0.51100           0
         795       -38.39682         2.79598     -1499.96938        -2.27924         0.27226       -57.63953        57.68522           0
         816       -35.57944         6.41078     -1500.16985        -5.53092         3.75651       -19.17950        19.80690           1
         816       -40.18146        -5.93337     -1501.84745        -0.35436        -1.45464         0.97213         1.78510           0
         816       -31.64644         0.20587     -1500.44970        -0.37778        -0.17095        -3.06656         3.09447           0
         816       -32.13616         1.11820     -1500.41486        -4.70689        -0.64152       -32.27637        32.11708          -1
         816       -31.99348        -0.15534     -1500.42501        -1.12484        -0.56909        -7.83561         7.93637           0
         843       -34.61934         6.81606     -1500.23817        -1.32070         1.29711        -3.80812         3.75393           1
         843       -34.69713         6.87658     -1500.73778         1.68464        -0.95727        -3.30972         3.35807           1
         906       -33.53775         1.44377     -1500.31513         0.88224        -0.00920       -10.94382        10.48021           1
         933       -41.22730        -2.73067     -1499.76798        -0.30291        -0.02950        -6.91430         6.92100           0
         943       -38.23999        -3.80754     -1499.98054        -0.88527        -0.91611       -41.44870        41.46828           0
         971       -38.21933         3.21214     -1499.98201         0.00494         0.00598        -0.14191         0.14212           0
        1003       -41.44628        -5.04464     -1499.75240        -0.15408        -0.06176        -3.55347         3.55735           0
        1052       -36.23313         0.91173     -1500.12334        -0.41157         0.21442       -15.98907        15.99581           0
        1090       -36.03538         6.90471     -1500.13741        -0.11782        -0.00515        -4.33572         4.33733           0
        1115       -43.90134        -1.34368     -1499.57771        -0.48035        -0.02046       -10.04951        10.06100           0
        1153       -41.06769         5.30052     -1499.77934         5.41416        -3.31981       -42.49257        42.45659           1
        1153       -42.07751         5.25810     -1499.70748        -0.06157        -0.21024        -2.47901         2.48868           0
        1153       -41.70385         2.71669     -1499.73407         0.11230        -0.63592        -0.53759         0.84024           0
        1206       -42.62196        -2.63412     -1499.66874        -0.16537         0.00066        -4.03266         4.03605           0
        1283       -40.56751         4.17930     -1499.81493         0.00529        -0.01009        -1.03008         1.03015           0
        1333       -35.91327         3.54651     -1500.14610        -0.16853        -0.00989       -45.18609        44.67829           1
        1375       -32.39258         4.39578     -1500.39661        -0.55756         0.54076        -2.48152         2.60024           0
        1375       -36.52364         5.38614     -1500.10267         0.54427        -0.18702        -1.84526         1.93292           0
        1408       -32.59690        -4.15129     -1500.38207        -0.10329        -0.02282        -3.44111         3.44274           0
        1417       -34.28739        -4.57715     -1500.26179         0.83352        -3.93701        -6.10461         6.81855          -1
        1417       -32.42615        -2.60158     -1500.39422         0.40058         0.93640        -6.39555         6.47613           0
        1450       -36.47072         0.26194     -1500.10643        -1.39644         0.81220        -4.12846         4.43327           0
        1450       -36.66112         2.69466     -1502.09794         0.32636        -0.12614         1.22083         1.26998           0
        1465       -35.71364        -1.01669     -1500.16030        -0.40889        -0.01841       -11.56998        11.57722           0
        1520       -32.97930         5.39486     -1500.35486        -0.14128        -0.00761        -4.60461         4.60678           0
        1525       -43.65788        -1.52460     -1499.59503        -0.23925        -0.03911        -6.96741         6.97163           0
        1609       -33.45936         1.30864     -1500.32071        -2.75239        -0.36281       -84.13701        84.18280           0
        1609       -36.57680        -7.35537     -1502.10394         0.08771        -0.20019         0.42123         0.47455           0
        1662       -33.05740        -5.53066     -1500.34931        -3.08706         1.82771        -5.42287         6.01121          -1
        1680       -37.30065         2.17564     -1500.04738        -0.16006        -0.01047        -9.55915         9.56049           0
        1681       -44.11727        -3.66477     -1499.56235        -0.18693         0.47453        -0.03154         0.51100           0
        1719       -37.46281        -0.88821     -1500.03584        -1.65393        -0.06746       -42.33192        42.36427           0
        1726       -38.06853        -2.66167     -1499.99274        -1.10396        -0.97039       -17.63057        17.18811           1
        1730       -34.94765         1.70879     -1500.21481         0.15411        -0.00735        -0.48715         0.51100           0
        1750       -38.08722         4.09478     -1499.99141        -0.95616         0.17045       -24.57262        24.59180           0
        1752       -33.74421         2.38352     -1500.30044         8.72262         1.84611       -21.12143        22.92612           0
        1752       -42.86463         2.97440     -1499.65148         0.69414         1.59791       -14.81591        14.91799           0
        1752       -41.96382         0.69013     -1499.71557         0.67432         0.06336        -7.86205         7.89117           0
        1752       -39.52925         4.07761     -1501.89386        -0.01986         0.11639         0.49717         0.51100           0
        1771       -41.50799         3.78045     -1499.74801         0.37047         0.20150        -0.28857         0.51100           0
        1841       -41.09944        -1.14834     -1499.77708        -1.02740        -0.35552       -45.82937        45.33412          -1
        1841       -39.23532         4.05683     -1501.91478         1.46988         0.66593         4.37856         4.66646           0
        1862       -42.38207        -1.28047     -1499.68581        -0.03681        -0.03579        -1.31166         1.31266           0
        1895       -34.71295         6.70707     -1500.23151        -1.29164         1.45566      -116.76478       116.27111          -1
        1935       -36.93892        -2.99507     -1500.07312         0.32873        -0.47290        -0.71564         0.91861           0
        1963       -39.97451        -2.20527     -1499.85712        -0.05552        -0.00287        -0.45855         0.46191           0
        1974       -32.67627        -1.55962     -1500.37643         2.96594         2.73787        -6.43481         7.59602           0
        2018       -39.63855         6.27139     -1499.88103         1.71879         0.09641        -4.81025         5.10901           0
        2050       -32.55056         4.02645     -1500.38537        -0.01913         0.01682        -1.23356         1.23382           0
        2076       -39.33158         4.68114     -1499.90287        -5.52092         0.98416      -134.55350       134.67032           0
        2083       -34.16465         5.13689     -1500.27052         0.32440         0.11736        -0.37697         0.51100           0
        2101       -38.95972         6.02149     -1499.92933        -0.35692         0.08071        -8.84093         8.84850           0
        2126       -38.22804         5.36063     -1499.98139        -0.68832        -0.03315        -4.54680         4.59873           0
        2136       -43.66024        -2.96969     -1499.59487         1.73055        -0.64526        -6.34076         6.60427           0
        2168       -34.41545         1.27203     -1500.25268        -0.12654         0.01031        -3.85919         3.86127           0
        2192       -39.85549        -1.33134     -1499.86559         0.84264        -0.78492        -3.63970         3.34058           1
        2252       -31.97412        -1.44970     -1500.42639        -0.59278         0.06165       -25.66657        25.67349           0
        2285       -39.42070         1.47267     -1499.89653        -0.04315        -0.01285        -1.72617         1.72676           0
        2289       -34.88593        -6.71704     -1500.21920        -0.07325         0.50171        -0.55345         0.75059           0
        2321       -40.12488         0.89662     -1499.84642        -0.00323         0.00235        -0.15853         0.15858           0
        2327       -37.92666         1.41595     -1500.00284        -0.35048         0.14785        -9.07996         9.08793           0
        2407       -39.95249         3.97572     -1499.85869         0.92886         0.62740        -4.79769         4.92689           0
        2407       -30.94694         1.03452     -1500.49948         0.23508        -0.02422        -0.45307         0.51100           0
        2407       -37.59249         5.70889     -1500.02661         1.63851         1.32486        -7.12630         7.43129           0
        2407       -40.23102        -5.27605     -1499.83887         3.48043        -2.53027       -22.33522        22.74594           0
        2417       -40.07984         2.91528     -1499.84963        -0.18391         0.02165        -4.34163         4.34558           0
        2424       -34.41676         5.36345     -1500.25258         1.04574         1.48614        -2.80471         3.34195           0
        2450       -44.29195        -0.09034     -1499.54992        -2.18225        -0.72689       -39.98848        40.05458           0
        2489       -42.09172         0.17513     -1501.71153         0.08164         0.46627         0.19248         0.51100           0
        2490       -38.01924         2.10590     -1499.99625        -0.06465         0.00251        -1.58592         1.58724           0
        2501       -34.96186        -3.84631     -1500.21380        -0.45511        -0.26254       -14.84890        14.85819           0
        2526       -37.46992         0.54166     -1500.03534        -0.21573         0.00001        -5.85561         5.85958           0
        2565       -42.35703        -0.76838     -1499.68760         0.29047        -0.49549        -3.93777         3.97944           0
        2568       -42.36926        -2.17839     -1499.68673         0.05406         1.42680        -3.49635         3.77665           0
        2582       -31.93958        -4.81512     -1500.81970         0.30705         5.18919        -2.04130         5.58470           0
        2602       -42.35210        -0.55084     -1499.68795        -1.13124        -0.02155       -24.88604        24.91174           0
        2624       -44.75069         2.18881     -1499.51728         0.20022         0.78480        -2.48118         2.61003           0
        2626       -36.51745         5.59631     -1500.10311        -0.06923         0.03241        -2.65548         2.65658           0
        2660       -37.12843         2.41282     -1500.05963        -0.20154         0.02094        -5.63795         5.64159           0
        2666       -37.63211        -2.55477     -1500.02380         0.26936         0.64289        -3.96628         4.02707           0
        2726       -31.00598        -0.49817     -1500.49528        -0.13041        -0.01010        -4.38150         4.38345           0
        2728       -37.78213         5.36991     -1500.01312        -0.00275         0.00084        -0.10934         0.10937           0
        2757       -43.38243         2.96589     -1499.61463        -0.22822         0.02693        -4.67625         4.68190           0
        2776       -40.89246        -0.68992     -1499.79181        -4.35826         4.66670        -7.96430        10.20797           0
        2776       -37.24468        -6.92938     -1500.05136        -1.30266         0.17480        -5.90479         6.04930           0
        2850       -34.07433        -4.05984     -1500.27695        -0.14802         0.01811        -7.25754         7.25907           0
        2865       -36.36088         0.39538     -1500.11425        -1.22324        -0.78732        -4.23054         3.99175           1
        2865       -34.17106        -4.34688     -1502.27512         0.35339        -0.19571         0.31295         0.51100           0
        2865       -34.66762         3.12925     -1500.23473         0.15624        -0.89355        -1.26240         1.12535          -1
        2879       -35.63664        -5.36816     -1500.16578        -0.36561        -0.22651       -14.30068        14.30714           0
        2905       -42.48559         1.65407     -1499.67845        -0.19462        -0.18408        -0.43515         0.51100           0
        2912       -34.42851        -0.23700     -1500.25175        -0.61287        -0.00592       -18.30950        18.31976           0
        3056       -44.52583        -2.95732     -1499.57969         0.12756         0.34718        -0.35258         0.51100           0
        3100       -40.19830         3.39597     -1499.84120         0.38753         0.48589        -0.25660         0.67240           0
        3131       -38.13557        -1.13627     -1499.98797        -0.08330        -0.00333        -2.11644         2.11808           0
        3151       -31.50885         3.60389     -1500.45949        -0.01757        -0.19143        -0.21377         0.28749           0
        3177       -33.92289         5.32689     -1500.28772        -1.11827         1.02579       -64.07826        64.09622           0
        3177       -34.68170        -2.58247     -1500.23373        -0.13650        -0.00524        -7.10404         7.10535           0
        3182       -41.52242        -0.87646     -1499.74698        -0.66104        -0.83533       -31.80607        31.82391           0
        3182       -37.72535         3.80561     -1500.01716        -0.18228        -0.23803       -18.73127        18.73367           0
        3186       -33.20687        -2.77058     -1500.33867        -0.39701        -0.54338       -31.57409        31.58126           0
        3197       -35.95467        -0.69676     -1500.14315        -0.16107        -0.00145        -4.58238         4.58521           0
        3267       -32.50707         2.71857     -1500.38847        -0.36511        -0.30274        -3.08738         3.12360           0
        3310       -35.26882        -6.84966     -1500.19195         0.82248        -1.24934        -1.80908         2.34736           0
        3363       -39.30204        -5.10229     -1499.90497         0.45138         0.71400        -8.08285         8.12687           0
        3363       -44.05828        -2.13650     -1499.56654        -0.14681         0.39333        -2.42585         2.46191           0
        3363       -39.66125        -1.58064     -1501.88447         0.22262        -0.01802         0.16320         0.27662           0
        3363       -40.76858        -2.20580     -1499.80062         0.28964         0.90542        -5.78560         5.86318           0
        3378       -32.23600        -1.31629     -1500.40775        -0.07753        -0.02899        -3.77407         3.77498           0
        3390       -35.61390         2.26083     -1500.16740        -2.23622         1.78045        -7.18437         7.73213           0
        3394       -37.38451        -4.98748     -1500.04141        -0.28443        -0.05737        -7.50127         7.50688           0
        3397       -41.38691        -6.49590     -1499.75672         0.30127         0.41271        -0.00516         0.51100           0
        3403       -31.91616        -0.07910     -1500.43051        -0.56678        -0.00103       -19.12590        19.13429           0
        3448       -31.89443        -0.92702     -1500.43206        -0.00820         0.12173        -2.82212         2.82475           0
        3496       -38.17614         0.63630     -1499.98509        -0.72150         0.06206       -25.36260        25.37294           0
        3498       -42.72521        -4.02917     -1499.66140         0.05157         1.16745        -2.48111         2.74254           0
        3516       -35.98432        -0.00122     -1500.14104        -0.14395         0.03723        -6.24547         6.24724           0
        3546       -38.63597        -6.91990     -1499.95237        -0.44985        -0.13696       -11.64192        11.65141           0
        3582       -39.44256         6.43293     -1499.89497        -0.02852         0.02265        -1.01684         1.01749           0
        3599       -38.19889        -0.59573     -1499.98347        -0.24972         0.01144        -6.48446         6.48927           0
        3604       -31.27598        -3.61176     -1500.47606        -0.32353        -0.15881        -8.76869         8.77609           0
        3642       -39.90545        -5.24837     -1499.86204        -0.06829        -0.02599        -1.98169         1.98304           0
        3659       -36.93600        -3.07619     -1500.07333         0.45037        -0.30019        -0.25247         0.59723           0
        3709       -31.12523        -2.05649     -1500.48679        -0.02413        -0.06118        -2.38045         2.38136           0
        3711       -38.05706         5.50830     -1499.99356        -0.22976         0.86160       -51.91750        51.41668           1
        3752       -42.55339         1.60462     -1499.67362        -0.37640         0.02266        -8.09409         8.10287           0
        3777       -33.06311        -5.82895     -1500.34890         0.02574        -0.02567        -0.18628         0.18980           0
        3822       -36.72098        -2.97902     -1500.08863        -0.11763        -0.03117        -3.40201         3.40419           0
        3868       -35.36021         1.31868     -1500.18545        -0.45985         0.02616       -13.19002        13.19806           0
        3916       -38.26540        -2.25907     -1499.97873        -1.00104        -1.02964       -57.90294        57.92075           0
        3935       -35.19359         2.64254     -1500.19731        -0.04236         0.00717        -1.20243         1.20320           0
        3945       -30.64955        -1.04429     -1500.52064        -0.00217         0.00523        -0.86255         0.86257           0
        3945       -42.88559         2.17448     -1499.64999        -0.18111         0.07758        -5.58867         5.59215           0
        3954       -44.38890        -0.23725     -1499.54302         0.54147        -0.45166        -4.39608         4.45227           0
        3993       -33.92112         4.83209     -1500.28785        -0.12635         0.02189        -3.76974         3.77192           0
