          14       -39.94357         1.39714     -1499.85932        -0.00853         0.01852        -0.53031         0.53071           0
          28       -41.08020         1.21645     -1499.77845        -0.05367         0.01003        -1.86717         1.86797           0
          38       -43.89785         4.01788     -1499.57796        -0.31895        -0.17698        -0.31936         0.48481           0
          53       -43.68790         0.67100     -1499.59290         2.46518         0.25764        -5.66570         6.18415           0
          66       -43.20839        -2.47279     -1499.62702        -0.98742         0.03643       -25.03189        25.05138           0
          66       -33.41184        -1.38983     -1500.32409        -0.12911         0.03102        -7.80464         7.80577           0
          66       -40.59736        -0.04320     -1499.81280        -0.07190         0.01548        -2.17213         2.17337           0
          71       -38.57191        -6.42113     -1499.95692        -1.61465        -0.90801       -61.91412        61.43294           1
          71       -35.13137         3.56358     -1502.20679         0.11832         0.36828         0.33390         0.51100           0
          75       -30.37131        -0.05977     -1500.54043         0.04316        -0.01341        -0.46305         0.46525           0
          80       -34.73169        -2.35346     -1500.23017        -0.11268        -0.00577        -3.28436         3.28630           0
          91       -34.23262         5.64302     -1500.26568        -0.22286         0.08085        -9.06967         9.07277           0
          98       -43.52451         4.65185     -1499.72750         1.69028         0.58255        -3.39611         3.83797           0
          98       -43.40623         0.71403     -1499.61294         0.98827        -0.13032        -1.91953         2.16292           0
         118       -42.56443        -2.60103     -1499.67284         1.09822         0.13100        -2.29033         2.54340           0
         118       -44.96802         0.01804     -1499.50181         0.13956         0.13844        -2.08330         2.09255           0
         196       -44.73293        -1.65997     -1499.51854        -0.06923        -0.16272        -0.81260         0.83162           0
         196       -35.38162        -3.90879     -1500.18393         0.20143        -0.24131        -1.02157         1.06883           0
         196       -37.28650        -4.25138     -1500.04839         0.73963        -1.26445        -5.11785         5.32337           0
         196       -40.97997        -6.36559     -1499.78558         0.43165        -1.72342        -4.68784         5.01322           0
         211       -39.23005         5.24634     -1499.91009         0.05907         0.18667        -0.47200         0.51100           0
         211       -38.43258        -7.36683     -1499.96684         0.29695        -0.08515        -1.43244         1.46537           0
         214       -30.66251         1.49996     -1500.51971        -0.42885        -0.49479        -3.17954         3.24626           0
         214       -38.82651        -5.56073     -1499.93881        -0.00878        -0.01765        -0.43340         0.43385           0
         249       -30.65489        -2.44528     -1500.52026         2.29117         1.85487       -12.53927        12.88112           0
         249       -41.56170        -5.69481     -1499.74419        -0.10939         0.14908        -1.38154         1.39386           0
         249       -39.10121        -3.85508     -1501.92432         0.14495         0.06012         0.18064         0.23928           0
         249       -34.04588        -2.22970     -1500.27897         0.99807         1.07977        -5.90213         6.08253           0
         249       -40.67812        -5.03170     -1499.80706        -0.23784         0.29905        -4.81092         4.82607           0
         257       -32.27149        -3.49365     -1500.40523        -0.73085        -0.14462       -24.14985        24.16134           0
         362       -33.78851        -3.38688     -1500.29729        -0.05204        -0.02920        -2.71897         2.71963           0
         388       -37.83826        -2.17150     -1500.00913         0.40517        -0.07883        -0.30124         0.51100           0
         424       -35.73269        -4.94555     -1500.15895        -0.11628        -0.03262        -3.82752         3.82943           0
         424       -38.31198         0.10900     -1501.98048        -0.03103         0.21212         0.33153         0.39480           0
         425       -41.30097         1.92669     -1499.76274        -0.28144         0.01869        -6.40329         6.40950           0
         436       -41.97208        -4.55955     -1499.71499        -0.01950        -0.00196        -0.50789         0.50827           0
         444       -37.01645        -6.73686     -1500.06760        -0.41977        -0.16189       -12.08323        12.09160           0
         596       -36.39782        -1.22080     -1500.11162        -0.01841         0.00446        -0.73845         0.73870           0
         599       -42.14663        -6.02406     -1500.30380         0.12442         0.14789        -0.39474         0.43951           0
         619       -35.44687         4.85156     -1500.17929        -0.33521         0.08259       -10.13044        10.13632           0
         627       -35.66733         6.28846     -1500.16360         0.21074        -0.37802        -0.85069         0.95445           0
         629       -33.62332        -5.93994     -1500.30904         8.42718         1.02062       -92.21367        92.09397           1
         629       -33.59806        -5.93686     -1500.58525         8.42878         1.06833       -92.21146        92.09245           1
         629       -33.59806        -5.93686     -1500.58525         0.00011        -0.03826        -0.00187         0.00143          -1
         635       -32.08274         0.71713     -1500.41866        -1.83850         0.29717       -69.61957        69.64447           0
         638       -38.78241        -3.72670     -1499.94195        -0.02220         0.00696        -0.62933         0.62976           0
         647       -35.43041         4.85897     -1500.18046        -0.13351         0.02801        -3.82504         3.82747           0
         722       -33.42455         4.42297     -1500.32318        -0.75042         1.21511       -77.01874        76.52268          -1
         758       -36.16744        -6.06632     -1500.12801         0.41859        -0.32127        -0.97718         1.11055           0
         774       -35.48275         3.06805     -1500.17673         0.06910         0.21840        -0.36546         0.43132           0
         774       -43.08224         1.82562     -1499.63599        -0.11650         0.01866        -2.94886         2.95122           0
         807       -33.92918        -0.75501     -1500.28728        -0.03761        -0.08992        -2.43569         2.43764           0
         848       -32.67868         3.91634     -1500.37625        -0.30237         0.04874       -11.47966        11.48374           0
         871       -36.49038         2.14984     -1500.10503         0.58144        -0.72672        -1.24219         1.55217           0
         881       -37.18471         0.08997     -1500.05563        -0.09105        -0.16031       -11.81704        11.81848           0
         932       -37.08723         4.48338     -1502.06762         0.08835        -0.17237         0.09463         0.21558           0
         955       -36.59855         3.52890     -1500.09734        -0.75310         1.29156       -60.99958        60.50904           1
         955       -36.06185        -6.56925     -1500.13553        -0.03578        -0.01403        -3.25356         3.25378           0
         962       -43.28049        -2.13985     -1499.62189        -0.26437         0.00371        -5.68803         5.69418           0
         970       -36.69659         0.80930     -1500.09036        -0.04706         0.00301        -1.31224         1.31309           0
        1016       -32.37986         3.33066     -1500.39752        -0.35691         0.06085       -11.73891        11.74450           0
        1078       -38.06950        -1.79261     -1499.99267        -1.17282        -0.52489        -4.49636         4.67635           0
        1079       -42.86834        -1.50626     -1499.65121        -0.26994        -0.12330        -7.35268         7.35867           0
        1116       -45.16147         1.20720     -1501.32913         2.01150         0.84437        -2.14647         3.06046           0
        1228       -38.06662        -0.84774     -1499.99288         2.84202         0.88927       -76.83757        76.38595          -1
        1242       -32.54473         4.53577     -1500.38579        -0.82364         1.22058        -4.80292         5.02357           0
        1242       -39.69563        -6.32080     -1499.87697        -0.00663        -0.00272        -0.23197         0.23208           0
        1242       -39.89338        -3.18514     -1499.86290        -0.75888        -0.12127       -26.16461        26.17590           0
        1242       -34.17843         2.47510     -1500.26954         0.01715         0.10072        -8.27019         8.27082           0
        1272       -43.67629         1.29317     -1499.59372         0.23452         0.67525        -1.82208         1.95728           0
        1326       -36.97729         4.47762     -1500.07039        -0.26936         0.07034        -6.00268         6.00913           0
        1329       -30.60965        -1.96145     -1500.52348        -0.11192        -0.03474        -5.60725         5.60848           0
        1329       -42.47367         1.40706     -1501.68435        -0.39966         0.11436         0.29718         0.51100           0
        1335       -31.08545        -0.39794     -1500.48962         0.00316         0.00060        -0.20130         0.20132           0
        1345       -36.22161         6.53886     -1500.12416        -0.73470         0.17246       -43.99394        43.49238           1
        1347       -41.88248        -1.44583     -1499.72136        -1.34444         4.17065       -44.02499        44.24253           0
        1347       -40.12643        -6.20269     -1499.84631         0.05312        -0.04004        -6.61523         6.61557           0
        1364       -33.29794        -5.09853     -1500.33219         0.02824        -0.11914        -3.81741         3.81937           0
        1419       -42.10943         2.83944     -1499.70521         0.50554        -0.03234        -0.94271         1.07020           0
        1466       -38.37907         7.11967     -1499.97065        -1.97518         0.19028        -2.82982         2.98279          -1
        1466       -37.50576         6.21180     -1500.03279        -0.05867         0.02163        -2.21920         2.22008           0
        1470       -42.36139        -4.27517     -1499.68729         0.17017         0.09927        -0.47150         0.51100           0
        1480       -34.77651        -3.76831     -1500.22698        -0.11346        -0.03765        -4.11747         4.11921           0
        1501       -36.48289        -6.67345     -1500.10557        -0.11463        -1.49184       -66.13999        65.64789          -1
        1538       -41.31632         0.61096     -1499.76165        -0.30101         0.86847       -43.32932        42.83108           1
        1538       -39.06652        -2.02087     -1499.92173         0.00189         0.00063        -0.12529         0.12531           0
        1574       -40.05262         6.19697     -1499.85157        -0.87424         1.16810       -37.80470        37.32530           1
        1577       -32.54510         3.03629     -1500.38576         0.59544        -0.38442        -1.88577         2.01456           0
        1585       -43.25495        -2.70534     -1499.62370        -0.41280        -0.03673        -8.82783         8.83755           0
        1587       -35.22164         1.79445     -1500.19531        -0.09182         0.00781        -2.85554         2.85702           0
        1591       -34.74314         2.02367     -1500.22936        -0.96486        -0.27907      -120.87467       120.36892           1
        1591       -41.62065        -3.88700     -1499.73999         0.61299        -0.34016        -3.40123         3.47273           0
        1596       -41.63745         4.95499     -1499.73880         0.07275        -0.01557        -0.38008         0.38730           0
        1596       -40.39684        -2.65013     -1499.82707         0.20162        -0.31378        -0.81395         0.89534           0
        1596       -34.96149         2.23962     -1500.21382         0.32260        -0.08954        -0.68020         0.75813           0
        1596       -43.54939         1.49909     -1499.60275        -0.11515        -0.03926        -7.18616         7.18719           0
        1596       -38.25783        -1.26186     -1499.97927        -1.16870        -1.22072       -90.30357        89.80983          -1
        1613       -33.92230        -3.94919     -1500.28777        -1.10178        -0.41553       -38.61875        38.63670           0
        1620       -39.91180         0.93123     -1499.86158        -0.06725        -0.01498        -1.92266         1.92390           0
        1656       -33.49158        -5.46937     -1500.31841        -0.34275        -0.08901       -10.71816        10.72401           0
        1664       -37.15469         5.93515     -1500.05777         1.68230         0.84211       -34.56047        34.10441           1
        1674       -42.11120         3.57102     -1499.70509        -0.02343        -0.25626        -1.91050         1.92775           0
        1701       -41.46125        -6.13092     -1499.75133         0.05885        -0.28996        -0.22615         0.37240           0
        1704       -39.25188         1.00528     -1499.90854        -0.25717         0.04630        -6.52184         6.52708           0
        1733       -42.86811         1.04221     -1499.65123        -0.17791        -0.01578        -4.58458         4.58806           0
        1769       -40.32759         4.59400     -1499.83200        -0.19449         0.03326        -4.53855         4.54284           0
        1783       -44.79092        -2.52434     -1500.90894         0.60937         0.33174        -2.36354         2.46327           0
        1792       -34.40959         1.41292     -1500.25309        -0.25352         0.01111        -8.11985         8.12381           0
        1804       -38.96932         6.79273     -1499.92865        -0.37177         0.27249       -12.64383        12.65222           0
        1831       -38.06709         3.44101     -1499.99284         0.22125        -0.15359        -0.15052         0.30854           0
        1831       -43.41660         1.83973     -1499.61220         0.05925        -0.45042        -0.36123         0.58041           0
        1834       -40.88093         4.67717     -1499.79263        -0.13553        -0.03221        -3.51729         3.52005           0
        1856       -37.01326        -5.97484     -1500.06783        -0.00623        -0.02002        -1.54584         1.54598           0
        1865       -35.82769        -0.84834     -1500.15219        -0.21193        -0.00995        -5.97245         5.97622           0
        1878       -39.07221        -4.05507     -1499.92133        -0.29056        -0.04521        -7.18252         7.18853           0
        1905       -33.94650         0.99662     -1500.28604        -0.24161         0.02981       -14.36554        14.36761           0
        1938       -40.59157         4.42153     -1499.81322        -0.00613        -0.00104        -0.19754         0.19764           0
        1946       -37.91020         0.59525     -1500.00401        -0.26305        -0.07036       -10.53000        10.53352           0
        1946       -35.33606         1.40565     -1500.18717        -0.16891        -0.04423        -8.83804         8.83977           0
        1951       -39.04990        -3.87463     -1499.92291        -0.30544        -0.04459        -7.54669         7.55300           0
        1951       -42.92786         1.47235     -1501.65203        -0.20688         0.27877         0.37498         0.51100           0
        2003       -34.82805         5.59436     -1500.22332        -0.06410         0.15155       -12.91070        12.91175           0
        2033       -44.02271         0.22207     -1499.56907         0.11248         0.13144        -1.42731         1.43775           0
        2046       -41.07259        -4.48139     -1499.77899        -0.42001         0.24965        -1.83022         1.89431           0
        2047       -43.60210         2.81905     -1499.59900         0.07743        -0.33058        -0.38189         0.51100           0
        2068       -38.64166         0.27038     -1499.95196        -0.00486         0.00264        -0.22521         0.22528           0
        2068       -44.05047         0.34751     -1499.56710        -0.09392         0.03209        -2.68203         2.68386           0
        2102       -39.49243         6.19024     -1499.89142        -0.39064         0.11556        -9.83414         9.84257           0
        2151       -33.17365         0.24081     -1500.34104         8.03671        -5.05044       -80.67219        80.71928          -1
        2184       -45.13496        -0.91225     -1500.36336         0.58941         0.19172        -0.28884         0.68381           0
        2210       -33.48786        -0.76184     -1500.31868        -0.38478        -0.02371       -12.63659        12.64247           0
        2217       -34.76621        -5.89753     -1500.22772        -0.78084        -0.46438       -30.30322        30.31683           0
        2349       -42.86724         3.12905     -1499.65129        -0.28081         0.02892        -6.07340         6.07995           0
        2366       -44.12773         1.83244     -1499.56160        -0.02893        -0.00081        -0.74509         0.74565           0
        2403       -43.41217        -0.85404     -1499.61252        -0.84595        -0.00537       -17.47448        17.49494           0
        2415       -42.66217         1.59212     -1499.66588        -0.02601         0.00433        -0.53838         0.53902           0
        2415       -43.77901         3.98826     -1501.59147        -0.01342         0.04881         0.16885         0.17628           0
        2431       -42.08926        -0.67680     -1499.70665         0.27515        -0.23520        -0.21767         0.42238           0
        2458       -30.33150         0.63977     -1500.54327        -0.06604         0.02599        -4.06161         4.06223           0
        2477       -31.03392         2.63156     -1500.49329         6.08305         1.12205       -13.75846        15.08502           0
        2503       -39.66161         0.82816     -1499.87939         0.21082        -0.84611        -2.14462         2.31511           0
        2516       -32.92895        -1.53894     -1500.35845        -0.00951        -0.00342        -0.68563         0.68570           0
        2533       -39.38445        -1.20883     -1499.89911         0.17771        -0.48108        -0.93741         1.06853           0
        2565       -34.50505         6.51483     -1500.24630        -0.00702         0.00573        -0.38487         0.38498           0
        2581       -33.38168        -1.33588     -1500.32623        -0.10290        -0.01518        -3.67260         3.67407           0
        2644       -38.70576        -3.80388     -1499.94740        -1.09568        -0.15790       -27.44494        27.46726           0
        2658       -33.88896        -3.76070     -1500.29014        -0.04873        -0.82099        -1.87103         2.04381           0
        2692       -34.46469        -4.05704     -1500.24917         0.86442         0.28767        -3.33099         3.45333           0
        2704       -33.77874        -1.32910     -1500.29798        -0.38752        -0.02495       -11.92851        11.93483           0
        2727       -32.72744        -3.26568     -1500.37279        -0.34275        -0.04763       -21.02799        21.03083           0
        2742       -32.93449         5.24977     -1500.35805        -1.39717         0.57765      -107.42413       106.92498          -1
        2742       -41.78893        -5.63294     -1501.73307        -0.45277        -0.48121         0.75480         1.00314           0
        2755       -39.16957        -6.42413     -1499.91440         0.30706         0.18318        -0.65736         0.74831           0
        2798       -36.58688         1.38453     -1500.09817        -0.10442         0.07135        -5.08771         5.08928           0
        2832       -41.82111        -3.81109     -1499.72573        -0.26398         0.00948        -0.53350         0.59532           0
        2856       -38.85939         0.17935     -1499.93647        -0.58363        -0.08765       -17.68545        17.69530           0
        2866       -35.10181         6.67694     -1500.20384        -0.05744         0.05354        -2.78370         2.78481           0
        2866       -31.59358        -3.09680     -1500.45346        -0.22983        -0.22955        -0.32867         0.46210           0
        2866       -37.17349        -4.51131     -1500.05643        -1.27582        -0.26744       -50.05149        50.06846           0
        2908       -36.25565        -5.44395     -1500.12174         0.30728        -1.30761        -2.53221         2.86642           0
        2941       -31.06402        -0.00171     -1500.49115        -0.20474        -0.25542       -54.45786        53.95025          -1
        2994       -36.93694         7.33217     -1500.07326        -0.55153         0.28224        -1.15615         1.31169           0
        3002       -31.09460         1.22545     -1500.48897        -0.00328         0.00443        -0.31330         0.31335           0
        3059       -37.94751         2.69157     -1500.00135         0.45847        -0.65468       -21.09575        20.60607          -1
        3063       -33.49111        -5.50872     -1500.31845         0.79092         0.56852        -5.93200         6.01144           0
        3072       -41.74040         0.68561     -1499.73147         2.40781        -3.32053       -20.80424        21.20471           0
        3099       -39.06949        -4.65980     -1499.92152        -0.00420         0.00762        -0.30401         0.30413           0
        3109       -33.29221         3.27085     -1500.33260         1.12403         1.88191        -1.56631         2.69414           0
        3131       -38.52403         2.09407     -1499.96033        -0.29010         0.20607        -9.69120         9.69773           0
        3173       -34.34238         1.39016     -1500.25787         0.98278         0.21079        -3.74487         3.87741           0
        3206       -35.56577        -5.83149     -1500.17083        -0.11511        -0.02925        -3.28115         3.28330           0
        3227       -37.29043        -4.60332     -1500.04811        -0.09511        -0.01747        -2.51719         2.51904           0
        3256       -36.60009         2.82990     -1500.09723        -0.09381         0.08277        -0.43831         0.45582           0
        3298       -36.41995         2.40974     -1500.11005         0.00433         0.14529        -0.09582         0.17410           0
        3315       -31.27356        -3.70559     -1502.31465        -0.79387         0.84793        -0.86985         1.45116           0
        3369       -32.90186         1.42132     -1500.36037        -0.19852         0.50561        -0.45118         0.70613           0
        3391       -40.68565         0.28429     -1499.80652        -0.09909        -0.00235        -2.45979         2.46178           0
        3423       -42.73167        -4.59715     -1499.66094         0.02067         0.02171        -1.63498         1.63525           0
        3423       -42.13292        -3.52948     -1499.70354         0.55934         1.10077        -2.64286         2.91706           0
        3557       -37.67131         2.81183     -1500.02101        -0.47179         0.10345       -12.95543        12.96443           0
        3584       -36.93788        -2.82922     -1500.07319        -0.07721        -0.00554        -2.14490         2.14630           0
        3604       -33.85062        -3.79157     -1500.29287        -0.42894         1.06180        -3.38772         3.10137          -1
        3604       -34.07069        -3.27181     -1501.95269        -0.64681         1.05159        -3.29003         3.04000          -1
        3604       -34.07069        -3.27181     -1501.95269         0.23459        -0.00696        -0.10469         0.06098          -1
        3604       -33.87588        -6.18853     -1500.29107        -0.31731        -0.61218       -29.17426        28.67588           1
        3613       -42.31603        -0.74675     -1499.69051        -0.81069        -0.03634       -18.64563        18.66328           0
        3627       -37.33150         3.75309     -1500.04519        -0.25972         0.13267        -7.58070         7.58631           0
        3627       -39.29741         3.64873     -1501.91036        -0.15186        -0.19499         0.44726         0.51100           0
        3627       -40.38772        -4.36330     -1499.82772        -0.47284        -0.07712       -11.09365        11.10399           0
        3630       -30.36608         1.08250     -1500.54081         0.42881        -1.73253       -38.73246        38.26593           1
        3657       -36.28963         2.56955     -1500.11932        -1.10490        -2.69360        -1.89546         3.00043          -1
        3659       -30.89985         2.60604     -1500.50283         0.00029        -0.00009        -0.03196         0.03196           0
        3659       -38.37346        -4.51423     -1499.97105        -0.00442        -0.00842        -0.34979         0.34992           0
        3735       -34.99554         5.45332     -1500.21140         0.10681        -0.14628        -1.46552         1.47667           0
        3737       -30.89015        -0.91975     -1500.50352        -0.12756         0.00867        -6.02757         6.02892           0
        3769       -38.89947        -7.26763     -1499.93362         0.06971         0.00119        -0.81709         0.82006           0
        3797       -41.53269         5.30732     -1499.74625         0.40645         0.30084        -8.30610         8.32148           0
        3819       -37.70075         5.36068     -1500.01891         0.03772         0.12722        -5.00504         5.00680           0
        3827       -43.67427        -1.71627     -1499.59387        -0.42936        -0.02289        -9.01883         9.02908           0
        3874       -41.73752         6.33046     -1500.83657        -0.42753        -0.69547        -0.95571         1.25692           0
        3874       -33.24447        -3.31712     -1500.33600         0.03520        -0.03025        -0.29698         0.30059           0
        3935       -38.07664         4.67645     -1499.99217        -1.26781        -3.53481       -53.15203        52.77598           1
        3935       -38.55643         4.87074     -1499.95803        -0.00537        -0.00854        -0.14690         0.14725           0
        3936       -38.21372         1.34361     -1499.98241        -0.57967         0.03762       -14.81916        14.83054           0
        3974       -38.22021         0.28470     -1499.98195        -0.73075         0.54996       -36.96832        36.47216          -1
        3989       -43.72886        -1.90110     -1499.58998        -0.41816        -0.01177        -8.46885         8.47917           0
