           2       -43.12745        -2.72953     -1499.63278        -0.19442        -0.01614        -4.19726         4.20179           0
           4       -42.56250         2.29866     -1499.67298        -0.06839         0.00447        -1.36852         1.37024           0
          24       -34.40363         0.71042     -1500.25352         0.03515        -0.00422        -1.68918         1.68956           0
          43       -38.89963         5.44091     -1499.93361         2.54052         0.80923        -4.09365         4.88539           0
         106       -38.57663         5.14826     -1499.95659        -0.00232         0.00160        -0.09006         0.09010           0
         180       -32.71049        -2.64126     -1500.37399        -1.50849         1.40847       -13.74773        13.40017          -1
         267       -39.50107         5.53314     -1499.89081        -0.47100         0.04773       -10.50429        10.51495           0
         271       -43.31053         2.15947     -1499.61975         0.44546        -0.01510        -0.24991         0.51100           0
         310       -40.70245        -3.50033     -1499.80533        -0.96774        -0.18902       -22.17569        22.19760           0
         326       -41.20495        -6.60619     -1499.98848         0.10488         0.11115         0.03104         0.15595           0
         367       -31.20921        -1.67951     -1500.48081        -0.02353         0.00535        -1.63343         1.63361           0
         390       -39.00224         0.90004     -1499.92630        -0.41138         0.01385       -10.17804        10.18636           0
         428       -36.01811        -6.54482     -1500.13864       -14.09820         9.47678       -19.01240        24.99000          -1
         428       -35.04139        -6.91508     -1500.20814         0.03366         0.05342        -0.31787         0.32408           0
         428       -35.12745        -6.99692     -1500.20201         0.02271         0.06350        -0.60591         0.60965           0
         428       -40.95642        -3.79406     -1499.78726        -0.00917        -0.00668        -0.29015         0.29037           0
         474       -32.76404         5.47753     -1500.37018        -0.01545        -0.00562        -0.53668         0.53694           0
         500       -40.93583        -4.17622     -1499.78872        -0.42807        -0.07644       -10.27538        10.28458           0
         564       -38.72545        -7.21534     -1499.94600        -0.19302        -0.05151        -4.80544         4.80959           0
         581       -35.37468        -2.21373     -1500.18442        -1.10533        -0.10546       -31.72649        31.74591           0
         617       -35.16077         2.13660     -1500.19964        -0.29574         0.06616       -11.29607        11.30013           0
         653       -36.58025         6.72929     -1500.09864        -0.31878         0.11623        -9.05943         9.06578           0
         720       -33.61489         4.86544     -1500.30964        -0.04452         0.01666        -1.86337         1.86398           0
         734       -41.66815        -1.12675     -1499.73661         0.48230        -0.02814        -1.85875         1.92051           0
         770       -32.55158         0.42063     -1500.38530        -1.30337         0.77399        -9.63052         9.74909           0
         777       -31.70185        -4.11781     -1500.44576         1.30033        -0.40513        -3.28728         3.55826           0
         777       -38.04832        -0.94329     -1499.99418         0.10505         0.05919        -0.49657         0.51100           0
         777       -39.74030        -6.85600     -1499.87379         1.73353        -1.87345        -3.06235         3.98659           0
         777       -40.94986        -5.03198     -1499.78772         0.63319        -0.62550        -1.34900         1.61616           0
         777       -45.10911         1.49999     -1501.35040         0.48434         0.23482        -4.58950         4.62096           0
         777       -44.63155        -1.09920     -1499.52575         0.14433        -0.12244        -0.98898         1.00693           0
         777       -43.55105         1.41093     -1499.60264         4.63272         2.45724       -23.59229        24.16808           0
         795       -39.59154         3.96096     -1499.88437        -1.25182         0.18150       -30.34127        30.36762           0
         795       -35.52631        -2.29536     -1502.17869         0.21000        -0.13562         0.44568         0.51100           0
         795       -37.72163        -2.75861     -1500.01743        -0.08717         0.06141        -5.16577         5.16687           0
         810       -31.30088         0.82617     -1500.47429        -0.00767         0.00005        -1.08947         1.08949           0
         810       -36.82912        -4.60156     -1500.08093         0.33871         0.30770        -0.25278         0.22004           1
         810       -34.21408         0.33123     -1500.26700        -3.68472        -3.14419       -21.13522        21.68319           0
         810       -31.86093         1.77031     -1500.43444        -0.12372        -0.13229        -1.34565         1.35779           0
         819       -39.05858         0.55334     -1499.92230        -0.01670         0.00525        -0.50264         0.50294           0
         856       -44.12470        -2.57672     -1499.56182        -0.28316        -0.02463        -5.84502         5.85193           0
         917       -42.50182        -3.89719     -1499.67729        -0.07647        -0.01240        -1.90196         1.90354           0
         995       -36.29948         2.52990     -1500.11862        -0.05221         0.01334        -1.55460         1.55553           0
        1029       -43.64303        -1.03969     -1499.59609        -0.05427        -0.00216        -1.32502         1.32613           0
        1038       -41.89668         1.19150     -1499.72035        -0.65168         0.02008        -0.89208         1.10494           0
        1074       -34.00781        -2.81504     -1500.28168         0.39631         0.08375        -0.98113         1.06146           0
        1074       -39.05823        -6.09216     -1499.92232         0.24525         0.03948        -0.92282         0.95567           0
        1074       -36.83170         1.88221     -1500.08075         0.61174         0.51731        -2.13990         2.28496           0
        1074       -43.08581         5.15681     -1499.72188         0.07155        -0.28476         0.11022         0.31361           0
        1082       -43.78386         0.25245     -1499.58607        -0.45742         0.02178        -0.72169         0.48482          -1
        1108       -37.50319        -1.45807     -1500.03297        -0.08501        -0.00646        -2.70066         2.70200           0
        1118       -38.80023         7.34260     -1499.94068        -0.10764         0.02577        -2.87180         2.87394           0
        1169       -34.34461         2.80063     -1500.25772        -0.26236         0.03339        -7.87365         7.87809           0
        1170       -34.93894        -5.79630     -1500.21543         0.31742        -2.98246        -5.39319         6.17109           0
        1170       -36.32431         1.09046     -1500.11685         0.15543        -0.27899        -5.16081         5.17068           0
        1174       -32.55655         5.33576     -1500.38494        -1.07994        -0.03440      -134.94983       134.44412          -1
        1275       -32.57357         1.61742     -1500.38373        -0.35430         0.03729       -12.76384        12.76881           0
        1320       -37.16885        -1.23997     -1500.05676        -0.30293        -0.01511        -8.05325         8.05896           0
        1371       -38.65786         6.72439     -1499.95081        -0.36256         0.17590        -3.02503         3.05175           0
        1379       -34.09600        -6.13875     -1500.27541        -2.68849        -0.42173        -3.39619         3.87091           1
        1413       -41.99833        -6.11889     -1500.06242         0.25209         0.29350        -1.72563         1.76848           0
        1446       -34.91660        -5.70515     -1500.21702        -0.00054        -0.00080        -0.03868         0.03870           0
        1454       -41.65400        -4.81497     -1499.73762        -0.72629         0.08796        -1.35218         1.53741           0
        1463       -42.92897         0.50712     -1499.64690        -0.06538         0.29891        -0.26522         0.40492           0
        1473       -41.57985        -2.03132     -1501.74795        -0.17391         0.11236         0.03738         0.21039           0
        1486       -41.02963        -0.00221     -1499.78205        -0.47796        -0.00776       -12.37289        12.38213           0
        1519       -36.86453        -7.12794     -1500.07841        -0.27848        -0.09433        -7.41417         7.42000           0
        1530       -41.12692         1.99741     -1499.77512        -0.05762         0.00250        -1.42865         1.42981           0
        1555       -33.47272         3.30493     -1500.31976         0.36199         1.11855        -3.55091         3.74047           0
        1577       -36.04968        -5.55266     -1500.13639        -0.15842        -0.03696        -4.41262         4.41562           0
        1618       -37.12907         5.19627     -1500.05959        -2.75168         2.87337      -149.65615       149.19889          -1
        1618       -36.31939         5.47832     -1500.11720        -0.00070         0.00092        -0.04817         0.04818           0
        1741       -42.41082        -5.78650     -1499.73798         0.23023        -0.14468        -0.06606         0.27983           0
        1747       -42.26105        -1.88710     -1499.69443        -0.46141        -0.02638       -10.09011        10.10068           0
        1773       -42.26967        -1.50272     -1499.69381         0.09984         0.21023        -0.24970         0.34134           0
        1773       -43.39230        -4.95840     -1501.47567        -0.12523         1.30050        -0.67692         1.04666           1
        1825       -40.83480        -0.15512     -1499.79591        -3.21567         1.12379      -129.46888       129.00369          -1
        1825       -40.48403        -3.43954     -1501.82593        -0.05688        -0.06546         0.37418         0.38410           0
        1825       -39.71083        -7.23891     -1501.38045         0.44220         0.91233        -0.87370         1.33837           0
        1831       -44.34135        -3.49512     -1500.60113         0.02403         0.05005         0.05126         0.07557           0
        1839       -34.25361         0.12391     -1500.26419        -0.71120        -0.06174       -29.25354        29.26225           0
        1839       -32.89298         3.97063     -1500.36101        -0.02785         0.00921        -1.32000         1.32032           0
        1839       -32.44042        -1.66101     -1500.39321        -1.88374        -7.06166        -4.25752         7.96267          -1
        1839       -32.60721         0.72033     -1500.38134        -0.15272        -0.30429        -0.31768         0.46566           0
        1839       -31.10058         1.21639     -1500.48854        -0.02410        -0.31735        -0.39272         0.50549           0
        1839       -37.69029         3.68252     -1500.01966         0.46955         0.43553        -5.24099         5.27998           0
        1839       -39.41099         1.88662     -1499.89722         0.00883         0.00750        -0.16576         0.16617           0
        1839       -39.93976         2.99881     -1499.85960         0.13470         0.21895        -3.16484         3.17526           0
        1864       -41.76677         1.32395     -1499.72960        -0.05245         0.03256        -2.31237         2.31319           0
        1888       -37.22380         0.41307     -1500.05285        -0.02270         0.00750        -0.82579         0.82614           0
        1894       -37.61642        -3.55322     -1500.02491         0.50926         0.49961        -0.97902         1.21138           0
        1927       -33.46322         1.97516     -1500.32043        -0.00958         0.00455        -1.52455         1.52458           0
        1973       -39.56040        -3.32627     -1499.88659        -2.00008         0.70146       -64.74232        64.77700           0
        1988       -41.67585         4.77673     -1499.73606        -0.52760         0.08614       -11.87495        11.88698           0
        2004       -32.05572        -3.52465     -1500.42058         0.38971         0.71540       -41.03984        40.54011          -1
        2032       -37.64609         1.78949     -1500.02280        -0.40386        -0.28001        -0.39176         0.29901          -1
        2068       -31.57707        -0.95321     -1500.45464         0.05523         0.03787        -0.52509         0.52934           0
        2069       -37.23577         0.03798     -1500.05200        -0.19202         0.15442        -0.11522         0.27202           0
        2069       -35.08059        -7.01317     -1501.39754        -0.25749         0.05733        -0.00412         0.26383           0
        2097       -35.09003        -2.21670     -1500.20468        -0.00413        -0.00429        -0.20825         0.20833           0
        2102       -40.22930         3.88836     -1499.83899        -0.13791         0.11438        -4.46288         4.46647           0
        2109       -43.04610        -2.11583     -1499.63857        -0.41580        -0.01303        -8.73815         8.74805           0
        2120       -39.38651        -6.98815     -1499.89896        -0.02162        -0.00804        -0.56501         0.56548           0
        2141       -40.03445        -0.04648     -1499.85286        -0.23335         0.00692        -5.52065         5.52559           0
        2151       -39.14405        -2.24312     -1499.91621         0.15198        -0.26712        -3.05797         3.07337           0
        2158       -33.51639        -3.20538     -1500.31665        -0.24550        -0.04402        -9.25485         9.25821           0
        2164       -38.41678        -5.91187     -1499.96796         0.49169         0.05135        -0.12933         0.51100           0
        2211       -40.35486        -1.33182     -1499.83006        -0.28017        -0.01887        -6.51505         6.52110           0
        2232       -32.00521        -0.38738     -1500.42418         0.03223         0.02720        -0.23831         0.24202           0
        2296       -40.14555         2.47075     -1499.84495        -0.44931         0.23155       -13.37034        13.37989           0
        2306       -36.80731        -4.63470     -1500.08248        -0.30615        -0.04666        -8.43042         8.43611           0
        2306       -41.94766        -1.85705     -1499.71672        -1.43157        -0.08912       -31.89016        31.92240           0
        2360       -43.57850        -1.40291     -1499.60068        -0.13205         0.04383        -3.38673         3.38958           0
        2361       -38.12349        -1.42332     -1499.98883         0.03348        -0.02966        -0.24945         0.25343           0
        2468       -39.03849        -3.55566     -1499.92373        -2.45067        -4.18304        -9.99731        10.61154          -1
        2468       -38.13530        -2.59076     -1499.98799         0.06585         0.07806        -0.10271         0.02013          -1
        2468       -37.89199        -2.40198     -1500.40329         0.07378         0.08680        -0.08754         0.01981          -1
        2468       -37.63984        -2.16595     -1500.78769         0.04515         0.06313        -0.11868         0.01931          -1
        2468       -37.38293        -1.92748     -1501.16670         0.06071         0.04381        -0.11184         0.01743          -1
        2468       -37.05697        -1.81397     -1501.54797         0.07542        -0.01721        -0.10159         0.01571          -1
        2468       -36.67715        -1.93610     -1501.86948         0.05038        -0.04088        -0.10778         0.01526          -1
        2468       -36.64901        -1.95365     -1501.93527         0.06705        -0.04763        -0.08818         0.01403          -1
        2468       -36.64901        -1.95365     -1501.93527        -0.02646        -0.00127        -0.01960         0.00106          -1
        2508       -37.38494        -2.73870     -1500.04138        -0.11011        -0.01210        -2.90330         2.90542           0
        2528       -34.16343         1.51751     -1500.27061         1.51009         0.31141        -3.56240         3.88176           0
        2528       -33.79522        -6.34537     -1500.29681         0.92149        -0.04070        -1.90195         2.11381           0
        2537       -43.46853        -3.83105     -1499.60851        -1.64581        -0.20639       -34.79517        34.83468           0
        2537       -35.68689        -7.00281     -1502.16726         0.24218        -0.09000         0.44088         0.51100           0
        2538       -34.39884        -1.48080     -1500.25386        -0.23662         0.02397        -6.53692         6.54124           0
        2538       -37.37458        -3.85032     -1500.04212        -0.52487        -0.05999       -15.44242        15.45146           0
        2542       -38.41762        -3.08816     -1499.96790        -0.03789         0.25596        -7.41499         7.41951           0
        2542       -39.98768        -3.02148     -1499.85619        -0.05842         0.00800       -26.72215        26.21610           1
        2560       -42.51218         3.31850     -1499.67656         0.11920         0.67277        -3.18192         3.25445           0
        2568       -39.75931        -1.02190     -1499.87244         0.13539         0.20181        -1.02749         1.05583           0
        2568       -30.40571        -0.26815     -1500.53799         0.27717         0.38238        -1.11147         1.20764           0
        2572       -42.23741         0.14828     -1499.69611        -0.33200        -0.19629        -0.88593         0.96624           0
        2572       -42.28320        -1.60204     -1499.69285        -0.25489        -0.19256        -0.68619         0.75690           0
        2572       -39.55192        -2.93919     -1499.88719        -0.49398        -0.87865        -2.20735         2.42661           0
        2572       -44.46098        -3.27312     -1500.70065         0.19044        -0.31011        -0.75887         0.84162           0
        2572       -41.97956         3.06843     -1499.71445        -0.00358         0.03304        -0.07966         0.08632           0
        2572       -34.84070        -5.50888     -1500.22242         0.17707         0.05025        -1.27622         1.28943           0
        2587       -38.48939        -0.13831     -1499.96280        -0.37316        -0.01845        -9.63765         9.64489           0
        2596       -36.83894        -5.46459     -1500.08023        -1.34022        -0.30936       -34.36677        34.39428           0
        2597       -41.31425         5.23156     -1499.76179        -1.29568         0.28291       -31.18887        31.21706           0
        2623       -43.15531         2.22397     -1499.63079         0.21626         0.46769        -1.09696         1.21195           0
        2623       -38.19171         5.11560     -1499.98398         1.66242         2.25617        -4.22040         5.06613           0
        2709       -38.91475        -4.86463     -1499.93253         0.21057        -0.12546        -0.44837         0.51100           0
        2709       -43.76505         0.91047     -1499.58741         0.60863         0.57042        -2.82229         2.94298           0
        2709       -39.63820        -4.75585     -1499.88105         0.43872        -0.23277        -1.09777         1.20489           0
        2724       -39.97370        -5.69742     -1499.85718         2.92734         0.53209       -11.11597        11.50727           0
        2724       -43.04398        -5.23491     -1500.19113        -0.14384         0.29480        -0.16245         0.36604           0
        2742       -40.70816         6.35764     -1499.80492        -0.02883        -0.01368        -0.26143         0.26337           0
        2743       -43.12866        -4.38108     -1499.63269         0.06015        -0.08155        -1.29622         1.30017           0
        2758       -33.51797        -5.23198     -1500.31654        -0.00537         0.01204        -0.88129         0.88138           0
        2814       -40.98247         1.99626     -1499.78540        -0.06881         0.00708        -1.98612         1.98733           0
        2842       -38.46504         4.14006     -1499.96453        -0.57293         0.09392       -14.48369        14.49532           0
        2891       -45.03669         1.64301     -1500.76440         0.96928        -0.35556        -3.68187         3.82389           0
        2893       -39.48347        -6.34345     -1499.89206        -0.55909        -1.05894       -31.95820        31.47371           1
        2899       -34.69013         6.68518     -1500.23313        -0.23820         0.13009       -11.79438        11.79751           0
        2899       -32.52675         5.43340     -1500.38707        -0.01313         0.00701        -0.86550         0.86563           0
        2922       -39.78236        -4.37883     -1499.87080         0.34982        -0.47060        -0.65492         0.87907           0
        2946       -38.09488        -6.38780     -1499.99087         0.36019        -0.02770        -0.69686         0.78493           0
        2953       -42.60986         2.31051     -1499.66961        -0.28056        -0.18992        -0.46340         0.57404           0
        2981       -37.95537        -5.71972     -1500.00079        -0.12367        -0.02353        -3.48148         3.48375           0
        2993       -37.53649        -4.51916     -1500.03060         0.00450         0.00449        -0.20849         0.20859           0
        3001       -39.82178         3.98384     -1499.86799         0.52572        -0.82332        -1.17509         1.52810           0
        3012       -36.47934         3.69217     -1500.10582        -0.27641         0.32204       -19.71204        19.71661           0
        3153       -35.35217         1.92924     -1500.18602        -0.00250         0.00612        -0.11735         0.11753           0
        3178       -36.28009         2.72401     -1500.12000         4.84730        -4.97002       -34.26761        34.45652          -1
        3178       -41.64194         4.26876     -1499.73848        -0.02499        -0.03560        -0.42940         0.43160           0
        3178       -36.91741         3.28440     -1500.07465         0.03493        -0.03664        -0.30874         0.31286           0
        3178       -40.61098         4.34167     -1499.81183        -0.17875        -0.48917        -7.38315         7.40150           0
        3178       -38.44232         3.44156     -1499.96614         0.03946        -0.07626        -0.90916         0.91320           0
        3178       -39.29699         5.04495     -1499.90533         0.01589        -0.03195        -0.82743         0.82820           0
        3178       -39.54462         3.26407     -1499.88771         0.11332        -0.82678        -9.28614         9.32357           0
        3178       -41.21901         4.50131     -1499.76857        -0.02287        -0.03591        -0.68308         0.68441           0
        3178       -42.70503         3.11769     -1499.66283        -0.04338        -0.05304        -0.58853         0.59250           0
        3178       -42.50410         3.14299     -1499.67713        -0.62263        -0.79734        -8.91681         8.97401           0
        3178       -42.16225         4.15269     -1499.70146        -0.43856        -0.45843        -7.16840         7.19642           0
        3178       -41.92526         3.79381     -1499.71832        -0.56832        -0.75100       -10.29573        10.33872           0
        3181       -35.86796        -3.56758     -1500.14932       -14.72782        -9.44603       -36.20171        40.20821           0
        3182       -34.32598        -1.26324     -1500.25904        -0.02062         0.00570        -1.23915         1.23934           0
        3188       -31.98496         3.37916     -1500.42562        -0.13560         0.09101        -6.29540         6.29751           0
        3197       -41.79021        -0.68732     -1499.72793        -1.00229         0.02385       -42.98604        42.99773           0
        3231       -41.29510        -0.07914     -1499.76316         0.16762         0.08983        -0.19307         0.27101           0
        3235       -36.95168        -0.13746     -1500.07221        -0.66323         0.00276       -17.65302        17.66547           0
        3246       -43.04941        -1.35366     -1499.63833        -0.24329        -0.01951        -5.28382         5.28945           0
        3248       -43.23686        -0.38289     -1499.62499        -0.10640        -0.04775        -3.04568         3.04791           0
        3264       -34.16240         0.83912     -1500.27068        -0.23267         0.00689        -7.03092         7.03477           0
        3413       -36.52049         6.35439     -1500.10289        -0.32113         0.08454        -8.41747         8.42402           0
        3429       -37.73479        -4.47585     -1500.01649        -0.10062        -0.02696        -3.64922         3.65070           0
        3444       -44.32969        -3.19085     -1499.54723         0.22417        -0.11076        -0.57225         0.62449           0
        3484       -33.01683         0.49829     -1500.35219        -0.20251        -1.15638       -74.25781        73.75785          -1
        3484       -32.92766         0.72534     -1500.35854        -0.00511        -0.12228       -10.89530        10.89599           0
        3486       -42.20900        -4.48707     -1499.69813         4.63740        -1.79193       -16.64506        17.37166           0
        3515       -37.64517         6.35502     -1500.02287         0.16262         0.25238        -0.34421         0.45675           0
        3516       -42.02831        -4.47788     -1499.71099         1.89642         0.42426        -2.94821         3.53105           0
        3516       -33.28916         2.49598     -1500.33282         1.69584         0.80172        -2.23325         2.91651           0
        3552       -32.27715         2.63405     -1500.40483         0.10120         0.89011        -1.62573         1.85621           0
        3663       -43.87581         1.32436     -1499.57953        -0.09787         0.27264        -1.13516         1.17153           0
        3678       -37.82286         3.82549     -1500.01022        -0.40256         0.09861       -12.79837        12.80507           0
        3793       -38.49797         3.39139     -1499.96219        -0.46019         0.03757       -12.03506        12.04391           0
        3805       -31.54530        -1.31887     -1500.45690        -0.18336        -0.05363       -10.12126        10.12306           0
        3829       -34.61564         4.86482     -1500.23843        -0.28380         0.06699        -8.72702         8.73189           0
        3839       -40.63612        -3.72458     -1499.81005        -0.09475        -0.03678        -2.09644         2.09890           0
        3848       -36.25916        -6.16950     -1500.12149        -0.88653        -0.51461       -34.95494        34.96997           0
        3886       -40.28018         0.26742     -1499.83537        -0.73984         0.03477       -22.77254        22.78458           0
        3914       -43.16689        -1.35257     -1499.62997        -1.07230        -0.04531       -22.89594        22.92108           0
        3949       -39.56357         6.34184     -1499.88636        -0.11754         0.07263        -3.65310         3.65571           0
        3956       -35.54916        -3.80503     -1500.17201        -0.05012         0.01207        -1.95344         1.95412           0
        4027       -31.25540         3.61274     -1500.47753        -0.10994         0.03429        -3.90837         3.91007           0
        4047       -34.43218        -0.80288     -1500.25148        -0.06900        -0.00472        -2.18128         2.18238           0
        4058       -31.62636         3.85520     -1500.45113        -0.17839        -0.60589        -0.63659         0.52114          -1
        4073       -35.70993        -1.44937     -1500.16057        -0.17427         0.12723        -0.40603         0.45980           0
        4079       -37.30730        -3.37887     -1500.04691        -1.30005        -0.17477       -34.37590        34.40091           0
        4080       -39.31466        -1.51327     -1499.90407         0.23610         0.71611        -2.66289         2.76759           0
        4080       -37.88793         3.99001     -1500.00559         1.08954         3.60009        -8.25698         9.07334           0
        4096       -40.15095         5.98882     -1499.84457        -0.33896         0.30188        -8.45297         7.96955          -1
        4125       -38.16214         0.25561     -1499.98608        -0.15842         0.00156        -4.05252         4.05562           0
        4136       -34.61643        -6.78117     -1500.23837         0.01664        -0.01570        -0.86205         0.86235           0
        4148       -36.23086        -1.04681     -1500.12350        -0.22920        -0.00538        -6.29246         6.29663           0
        4163       -42.67077        -1.41910     -1499.66527        -0.12082        -0.00560        -2.63072         2.63350           0
        4201       -37.18729         0.44133     -1500.05545        -0.00827         0.00470        -0.41286         0.41297           0
        4201       -35.76941        -1.38614     -1500.15634         8.67786         7.29017        -9.22607        14.61411           0
        4239       -36.58938        -5.25527     -1500.09799        -0.05282         0.00324        -1.65931         1.66016           0
        4279       -38.84480         1.83181     -1499.93751         1.19151        -1.23100        -5.05067         5.33332           0
        4279       -36.87466         5.28034     -1502.08275        -0.01997         0.27703         0.42892         0.51100           0
        4282       -39.28927        -0.14910     -1499.90588         0.62555        -0.32700        -0.46840         0.84713           0
        4282       -39.09584         5.48744     -1499.91964        -0.04426         0.01056        -0.79924         0.80054           0
        4283       -37.73902        -2.94768     -1500.01619         0.12885        -0.07971        -0.48802         0.51100           0
        4300       -35.99111         5.93069     -1500.14056        -0.53968         0.13596       -15.08799        15.09825           0
        4312       -37.82960        -7.01544     -1500.00974        -0.18158        -0.08068        -5.90096         5.90430           0
        4363       -37.95498         3.96505     -1500.00082        -0.66407        -0.08230       -26.29417        26.30269           0
        4371       -37.71566         4.34577     -1500.01785         3.45904         7.53996        -4.11924         9.26197           0
        4371       -35.12641         2.46228     -1500.20209        -0.01150         0.00694        -0.44296         0.44316           0
        4371       -40.91518         4.45582     -1499.79019        -0.05448        -0.09016        -0.46167         0.47354           0
        4371       -38.66517        -2.90738     -1499.95029        -0.30363         0.25223        -1.36683         1.00067          -1
        4432       -40.83981         0.26216     -1499.79555        -0.70911        -1.26282        -6.55178         6.70995           0
        4437       -39.41119        -6.67626     -1499.89721        -0.02540        -0.00872        -0.85812         0.85854           0
        4437       -36.58033        -4.61523     -1500.09863        -0.01546        -0.00367        -0.66590         0.66609           0
        4447       -38.88960        -0.34770     -1499.93432        -0.01145         0.00120        -0.52532         0.52545           0
        4482       -38.06022        -1.29370     -1499.99333        -0.20565        -0.01071        -5.27795         5.28197           0
        4528       -40.75775         5.52844     -1499.80139        -0.53805         0.09991       -12.44029        12.45232           0
        4548       -40.02654        -2.13212     -1499.85342         0.27489         0.39040        -0.40661         0.62714           0
        4549       -44.14836         0.48034     -1499.56013        -0.19437         0.00175        -4.01612         4.02082           0
        4625       -39.39062        -3.47177     -1499.89867         0.48527        -0.29978        -1.78083         1.86995           0
        4628       -39.31840         1.71880     -1499.90381        -0.04569        -0.54745        -1.89166         1.96982           0
        4628       -40.40663        -6.38227     -1499.82638         0.30115        -1.75744        -3.58724         4.00594           0
        4635       -41.21603        -1.57027     -1499.76878        -2.72296         0.20183        -3.94692         4.79932           0
        4678       -41.52243         1.63301     -1499.74698        -0.02058         0.00075        -0.51058         0.51100           0
        4729       -41.34590        -3.51993     -1499.75954         0.43169         0.29865        -1.29604         1.39831           0
        4813       -32.64794        -2.60044     -1500.37844         0.97178        -0.41264        -2.32535         2.55380           0
        4821       -43.21053         1.47416     -1499.62687        -5.32799         0.29821      -146.64264       146.22959          -1
        4857       -33.40590         0.27888     -1500.32451        -0.19673         0.36662       -25.37731        25.38072           0
        4863       -35.36123         2.63875     -1500.18538        -0.21631         0.02500        -6.21916         6.22297           0
        4885       -35.16676        -3.02477     -1500.19922        -3.06294        -0.40410       -88.60425        88.65809           0
        4886       -37.69277        -6.57829     -1500.01948         0.25520         0.31439        -0.31169         0.51100           0
        4918       -36.97781         6.67250     -1500.07035         3.28806        -0.17061        -3.49337         4.80042           0
        4918       -38.26903         2.65106     -1501.98353        -0.38972        -0.11421         0.31016         0.51100           0
        4919       -36.91028        -3.13468     -1502.08021        -0.06181         0.02989         0.37184         0.37812           0
        4919       -33.01133        -3.07893     -1500.35259         0.09691         0.24097        -0.17733         0.08902          -1
        4976       -38.10132        -5.00411     -1499.99041        -1.53030        -0.42556       -20.54393        20.10057          -1
        4984       -41.02224         1.77726     -1499.78257        -0.60572         0.01724       -16.92959        16.94043           0
        4990       -35.08446         3.34730     -1500.20507         3.93818        -2.69677        -3.32389         5.81636           0
        4990       -39.75839        -4.40225     -1499.87250        -0.03752        -0.32440        -0.39303         0.51100           0
        4994       -32.62188         2.31267     -1500.38030        -2.53473         4.34746       -20.51216        20.61564          -1
        5080       -36.37647        -0.08799     -1500.11314        -0.77970        -0.26624        -2.42458         2.56074           0
        5116       -39.82547         0.59439     -1499.86773        -0.47672         0.01035       -11.45344        11.46337           0
        5132       -32.03630        -2.55130     -1500.42196        -0.12162        -0.03834        -4.95891         4.96055           0
        5151       -32.20101         2.35730     -1500.41024        -0.03976         0.02481        -1.76729         1.76792           0
        5220       -40.42430         0.52186     -1499.82512        -0.41753        -0.03407       -10.87232        10.88038           0
        5252       -44.01635         0.25598     -1499.56953        -1.70640         6.09252       -51.41849        51.80629           0
        5252       -37.95825         3.01904     -1502.00565         0.13517        -0.05427         0.48980         0.51100           0
        5306       -35.68563        -2.77213     -1500.16230        -0.00086        -0.00071        -0.10827         0.10828           0
        5342       -35.61033        -1.93256     -1500.16765        -0.04985        -0.00435        -1.42339         1.42427           0
        5375       -43.49120         0.38216     -1499.60689        -0.12010         0.00022        -2.51651         2.51937           0
        5405       -37.96605        -2.43425     -1500.00003         1.28236       -13.76417       -42.44069        44.12722           1
        5405       -37.10134         2.59694     -1500.06156         0.38694        -0.96889        -6.52996         6.61278           0
        5405       -36.21259         2.36121     -1500.12480         0.45411        -0.79740        -5.11698         5.19861           0
        5405       -35.13868         2.33631     -1500.20121         1.84281        -2.36804       -15.09892        15.39419           0
        5405       -37.94315         2.78855     -1500.00166         0.05447        -0.23879        -1.67129         1.68914           0
        5405       -37.79988         6.47584     -1500.01186         0.15047        -0.10672        -4.12621         4.13033           0
        5405       -35.61949         7.10581     -1500.16700         0.54567        -0.04145        -5.58639         5.61313           0
        5405       -40.74098         6.49714     -1499.80258        -0.06640         0.01414        -1.59918         1.60062           0
        5405       -40.60863         6.57948     -1499.81200        -0.28525         0.07758        -7.35638         7.36232           0
        5540       -35.78126         3.10035     -1500.15549        -0.20033         0.00090        -7.34420         7.34694           0
        5555       -37.62261        -2.57822     -1500.02447        -0.26250        -0.04078        -6.49595         6.50138           0
        5558       -40.59068         6.38555     -1499.81328        -0.12839         0.02815        -3.15705         3.15979           0
        5566       -40.17762         1.31250     -1499.84267         0.42248        -0.09405        -2.01078         2.05683           0
        5579       -42.57892        -1.70535     -1499.67181         0.01089         0.05213        -0.29704         0.30178           0
        5627       -39.46480         3.47554     -1499.89339        -0.02197         0.23749        -2.71814         2.72858           0
        5633       -32.67872        -0.07488     -1500.37625         0.01611        -0.01693        -0.17840         0.17992           0
        5646       -30.78577        -2.47877     -1500.51094        -0.12419        -0.01769        -4.85367         4.85530           0
        5650       -41.92110        -1.03920     -1499.71861        -0.40924         0.03994        -9.34218         9.35123           0
        5667       -33.60363        -2.39749     -1500.31044        -1.61858        -0.03275        -1.86984         2.47329           0
        5714       -40.23109        -3.38671     -1499.83887        -0.01459        -0.00392        -0.76583         0.76598           0
        5733       -39.71418        -6.53379     -1499.87565        -0.27976        -0.06701        -6.74861         6.75474           0
        5809       -36.26799         0.52667     -1500.12086        -0.28394         0.00050        -7.94637         7.95144           0
        5858       -37.82652         4.55867     -1500.00996        -0.11695         0.07576        -4.23884         4.24113           0
        5871       -31.23602         0.69089     -1500.47891         0.03273         0.03081        -0.35007         0.35294           0
        5871       -36.52827         5.41505     -1500.10234         0.52017         0.90014        -7.93688         8.00468           0
        5906       -34.43767        -0.00226     -1500.25109        -0.67868        -0.00000       -20.27904        20.29040           0
        5927       -32.23917        -4.56482     -1500.40753        -0.18869        -0.17348        -9.28386         9.28740           0
        5945       -36.66522         2.94970     -1500.09259        -0.10236         0.01737        -3.54962         3.55114           0
        5969       -38.93205        -4.75132     -1499.93130        -0.16137        -0.02902        -3.99247         3.99584           0
        5980       -32.97211         5.11144     -1500.35538        -0.07612         0.02358        -2.56974         2.57097           0
        6009       -42.23657        -2.51765     -1499.69617        -0.21147        -0.42203        -0.19568         0.51100           0
        6009       -33.81355        -2.19092     -1500.29550        -0.60186        -0.76776        -3.77368         3.89773           0
        6027       -39.49312        -2.49740     -1499.89138        -0.05798        -0.01743        -1.27889         1.28032           0
        6046       -35.34874        -0.96853     -1500.18627         0.11691        -0.07399        -0.39629         0.41974           0
        6046       -40.04921        -6.85978     -1499.85181         1.73979        -4.83264        -9.93894        10.68833          -1
        6046       -39.64582        -2.88245     -1499.88051         0.69209        -1.01278        -3.50102         3.70970           0
        6088       -41.53879         4.01543     -1499.74582         0.99735         0.13477        -1.38916         1.71541           0
        6098       -39.83339         5.70030     -1499.86716        -0.00221         0.00140        -0.08255         0.08259           0
        6100       -38.95253         6.95010     -1499.92984        -0.04034         0.09000        -3.18014         3.18167           0
        6121       -33.76846        -1.10650     -1500.29871        -0.01091        -0.05484        -0.26292         0.26880           0
        6121       -36.33840         4.59528     -1500.11585        -7.87577        -5.70649       -75.55195        76.17538           0
        6121       -35.72325         4.41724     -1500.15962        -0.21506        -0.19063        -2.39424         2.41143           0
        6272       -42.34667        -1.12059     -1499.68833        -0.09510         0.01671        -2.50083         2.50269           0
        6272       -39.65952        -3.76581     -1499.87954        -1.53982         0.03607       -48.11353        48.13817           0
        6284       -38.63435        -6.78056     -1499.95248         0.56894         0.13419        -1.29630         1.42200           0
        6326       -32.81601        -4.30915     -1500.36648        -0.09540        -0.02213        -3.17096         3.17247           0
        6341       -31.26232        -3.37883     -1500.47704        -0.14759        -0.05954        -6.32617         6.32817           0
        6365       -43.58829        -3.55678     -1499.59999        -0.09629        -0.03972        -3.42296         2.95146          -1
        6389       -38.00281        -6.00156     -1499.99742         0.13125        -0.01533        -0.44766         0.46675           0
        6389       -36.34241         2.78417     -1500.11556         2.54375         1.81885        -1.19547         3.34784           0
        6422       -37.43992        -4.50684     -1500.03747        -0.36732        -0.08965        -9.81291         9.82019           0
        6465       -39.57067        -5.59317     -1499.88586        -0.49184        -0.15445       -12.18809        12.19898           0
        6475       -32.90059         3.32444     -1500.36047         1.10103         0.62002        -2.29815         2.62263           0
        6521       -33.79723        -4.86050     -1500.29666        -1.87237         0.24246        -0.78549         2.04488           0
        6523       -32.27641        -3.14901     -1500.40488        -0.09869        -0.56248        -0.70573         0.90784           0
        6523       -44.09720        -3.99476     -1501.23088         0.54804         0.13604        -1.08734         1.22522           0
        6525       -33.37629        -0.88045     -1502.33167        -0.11201        -0.11159         0.08498         0.17950           0
        6530       -43.31021         0.78202     -1499.61977         0.96652         1.25590        -3.61476         3.94689           0
        6570       -33.45829        -5.92461     -1500.32078        -1.43168         2.49389       -47.45849        47.03728          -1
        6570       -33.33568        -5.53706     -1500.32951        -0.01799         0.08194        -0.95002         0.95372           0
        6572       -32.68526        -2.87523     -1500.37579        -0.25692        -0.06589        -7.54074         7.54540           0
        6583       -38.61657         5.22963     -1499.95375        -0.41500         0.72651        -1.23389         1.49081           0
        6597       -35.74531         7.08030     -1500.15805        -0.12763         0.23843        -7.91228         7.91690           0
        6661       -40.85542        -0.07239     -1499.79444        -0.04800         0.00922        -1.03868         1.03983           0
        6678       -34.54367         6.42708     -1500.24355        -0.36705         0.10815       -10.76265        10.76945           0
        6748       -38.35645        -5.60975     -1499.97226        -0.02733        -0.01844        -1.12683         1.12732           0
        6748       -39.24337        -0.53114     -1499.90915        -0.03836        -0.00688        -1.45731         1.45783           0
        6780       -41.79615         0.08695     -1499.72751         0.06159        -0.71243        -0.93486         1.17699           0
        6791       -42.72876         0.15771     -1499.66115        -0.08114         0.00163        -2.09987         2.10144           0
        6803       -38.12402         5.35169     -1499.98879        -6.44498         3.88140       -23.09285        23.78188          -1
        6803       -31.66979        -2.25230     -1500.44804        -0.16928        -0.02678        -1.60223         1.61137           0
        6803       -39.10777        -4.73359     -1499.91880        -0.56344        -0.18502        -0.96120         1.12942           0
        6803       -38.30109        -2.37342     -1499.97619        -1.07292        -0.19561        -2.01216         2.28872           0
        6820       -36.58287         1.98612     -1500.09845        -0.04052         0.01367        -1.97491         1.97537           0
        6840       -37.55179        -0.50043     -1500.02951        -0.13398        -0.00255        -3.50879         3.51135           0
        6866       -35.87314        -2.02630     -1500.14895        -0.01738         0.04818        -2.01665         2.01730           0
        6918       -32.08989        -1.00309     -1500.41815        -0.34495         0.07881       -26.56471        26.56707           0
        6926       -36.42112         2.61262     -1500.10996        -0.08942        -0.03894        -0.50161         0.51100           0
        6927       -35.63538         4.17455     -1502.17093         0.17798         0.22602         0.32558         0.43447           0
        6927       -41.44426         6.31011     -1499.75254         0.64774         0.42167        -1.25142         1.47086           0
        6950       -38.74855        -5.26147     -1499.94436         0.02682        -0.04579        -0.81583         0.81755           0
        6996       -34.60873        -6.79128     -1500.23892         2.21798        -2.33716        -5.38789         6.27782           0
        6996       -40.31634         1.94808     -1499.83280         0.46032        -0.24650        -2.79320         2.84159           0
        7048       -42.86409        -4.18216     -1499.65152        -1.73073        -0.32621       -37.30163        37.34318           0
        7063       -40.82968         0.42447     -1499.79627         0.31709         0.02423        -0.38785         0.50156           0
        7065       -43.32236        -3.27182     -1499.61891        -0.18768        -0.03303        -3.80830         3.81307           0
        7065       -34.71128        -3.65198     -1502.23668         0.40505        -0.07067         0.30341         0.51100           0
        7129       -38.46650         4.98788     -1499.96442        -0.27592        -0.39054        -0.18019         0.51100           0
        7154       -38.33932         1.03697     -1499.97347         0.25976         0.19511        -0.87479         0.93317           0
        7154       -39.57021         5.99193     -1499.88589         0.39784         0.53852        -1.61773         1.75081           0
        7154       -40.75136         4.99790     -1499.80185         2.32329         3.37258       -11.21417        11.93858           0
        7159       -33.72077         1.32333     -1500.30210        -0.01498        -0.00378        -0.64441         0.64460           0
        7159       -37.20869        -5.49369     -1500.05392        -0.13812        -0.09638        -4.38306         4.38629           0
        7170       -36.80678         4.98767     -1500.08252         0.20668         0.15603        -1.47994         1.50243           0
        7172       -33.08717        -4.84097     -1500.34719        -0.28066        -0.06268        -8.77633         8.78104           0
        7289       -35.55255        -0.83862     -1500.17177         1.35864        -0.05075        -4.34634         4.55403           0
        7320       -39.67744         3.16223     -1499.87826        -0.00134        -0.01628        -0.93183         0.93197           0
        7344       -41.96027        -0.49984     -1499.71583        -0.19678         0.34660        -0.92599         1.00812           0
        7366       -33.84899         2.52735     -1500.29298         0.00788         0.00053        -0.06731         0.06778           0
        7404       -38.19463        -5.99489     -1499.98377        -2.46165        -0.65754       -62.01497        62.06729           0
        7410       -33.25806        -0.84486     -1500.33503        -4.60994         8.55233        -5.33440        10.58453           1
        7410       -32.90128        -1.72726     -1500.36042        -0.45827         0.78507        -0.64836         1.11656           0
        7441       -42.26287         3.30897     -1499.69430        -0.14839         0.03129        -3.55875         3.56198           0
        7471       -41.50624         5.72785     -1499.74813        -0.08366         0.03829        -0.78344         0.42887          -1
        7471       -41.57227         4.47325     -1501.74849         0.00160        -0.00513         0.00756         0.00928           0
        7499       -35.10910        -5.07843     -1500.20332        -0.08175        -0.05224        -4.22382         4.22493           0
        7523       -33.51363         3.43708     -1500.31684        -0.30760         0.04910        -9.68849         9.69350           0
        7532       -40.73000         3.68224     -1499.80337        -0.98085         0.12764       -22.80939        22.83083           0
        7538       -35.68962        -6.17065     -1500.16201        -0.10846        -0.04454        -3.53894         3.54089           0
        7571       -35.52590        -3.81738     -1500.17366        -0.22431         0.07253        -1.03097         1.05758           0
        7572       -38.48976         3.68422     -1499.96277        -0.37593        -0.90588        -3.30163         3.44422           0
        7595       -36.60716        -4.80955     -1500.09673        -0.24294         0.17016       -17.77600        17.77847           0
        7595       -42.22021        -0.84218     -1501.70239        -0.23814         0.28499         0.91946         0.99163           0
        7622       -38.92498         6.27573     -1499.93180        -0.40784         0.21121       -12.37746        12.38598           0
        7664       -42.86453         2.96197     -1499.65148        -0.16859         0.02489        -3.54484         3.54893           0
        7683       -31.12102        -2.98286     -1500.48709         0.59062        -0.28050        -0.88030         1.09656           0
        7683       -41.26424         5.66463     -1499.76535         0.19676        -0.13129        -1.10109         1.12621           0
        7683       -38.24354        -3.17044     -1499.98029        -0.09318        -0.07564        -3.28061         3.28281           0
        7691       -34.59148        -5.31924     -1500.24015         0.32581        -0.46181        -1.15283         1.28391           0
        7708       -36.36123         2.97288     -1500.11422        -0.05713         0.01601        -1.98378         1.98466           0
        7708       -35.01886         4.44759     -1500.20974        -0.25080         0.10715        -9.63773         9.64159           0
        7711       -31.41089         3.61470     -1500.46646        -2.49205        -5.92041       -16.09341        16.82453           1
        7711       -31.42395         2.71315     -1500.46553        -0.01452        -0.20712        -0.23402         0.31285           0
        7736       -37.40832         6.91799     -1500.03972         0.21006        -0.09433        -0.45618         0.51100           0
        7774       -38.55458         3.74477     -1499.95816        -0.06810         0.03243        -2.28579         2.28703           0
        7825       -37.28155        -3.69874     -1500.04874        -0.02936        -0.00277        -1.13842         1.13880           0
        7838       -39.25772         2.17635     -1499.90813        -0.52088         0.04283       -12.77076        12.78145           0
        7901       -31.62076         0.46483     -1500.45153        -0.03347        -0.03301        -2.96697         2.96734           0
        7982       -30.29778         0.52411     -1500.54567         0.51088        -0.69971        -1.61167         1.82978           0
        7988       -41.45082        -0.15493     -1499.75208         2.07064         0.85203        -5.55510         5.98938           0
        8005       -35.46965        -6.64949     -1500.17766        -0.85943        -0.30795       -26.00975        26.02577           0
        8140       -36.14056         3.60426     -1500.12993        -0.38835         0.05851       -10.77423        10.78139           0
        8194       -35.70129         4.86899     -1500.16118         1.96429         0.05030        -2.37120         3.07954           0
        8251       -43.29446        -1.90272     -1499.62089        -0.34790        -0.02040        -7.35851         7.36676           0
        8260       -37.96635         4.69343     -1500.00001        -0.41787         0.08054        -1.10404         1.18322           0
        8348       -30.90658        -1.97312     -1500.50235        -0.84163         0.18270        -2.18823         2.35161           0
        8362       -32.87088         3.35874     -1500.36258         1.11868         0.58668        -0.93481         1.57147           0
        8368       -35.93778        -0.46151     -1500.14435        -0.32172        -0.12307       -12.46567        11.96990          -1
        8368       -35.99423         1.98219     -1502.14540         0.03091         0.08193         0.29712         0.30975           0
        8394       -36.64526        -6.51410     -1500.09401         0.27218         0.06248        -2.19937         2.21703           0
        8394       -34.32818        -0.52102     -1500.25889         0.07345         0.08392        -0.22006         0.24671           0
        8408       -40.54191         1.99349     -1499.81675        -0.28852         0.02076        -6.74791         6.75411           0
        8416       -31.11379        -1.10260     -1500.48760        -0.74973        -0.95183       -87.86007        87.35891          -1
        8435       -32.85529         1.59684     -1500.36369         0.25503         0.03153        -0.44324         0.51234           0
        8435       -32.06021        -3.84498     -1500.42026         0.47038        -0.03057        -0.88464         1.00239           0
        8444       -35.61182         3.42550     -1500.16755        -0.61907         0.78306        -0.73925         1.24215           0
        8481       -35.99658        -4.35772     -1500.14017         0.51495         0.22194        -2.09618         2.16988           0
        8481       -34.57927         1.30572     -1500.24102         0.32027         0.13143        -0.59729         0.69036           0
        8481       -41.61665        -2.19287     -1499.74028         0.44238         0.49363        -6.17174         6.20723           0
        8481       -40.31915        -0.84176     -1499.83260         0.59168         0.56143        -3.86540         3.95052           0
        8481       -36.10980        -3.29843     -1500.13211         0.54481         0.10173        -1.77924         1.86356           0
        8481       -42.13907        -0.39212     -1499.70310         0.05317         0.16356        -1.52712         1.53678           0
        8481       -37.45845         5.75132     -1500.03615        -0.09160        -0.32031        -0.66876         0.39418          -1
        8481       -43.06895         0.53397     -1499.63694        -0.48073         0.01468        -0.48530         0.34220          -1
        8513       -30.92112         1.20281     -1500.50131         1.24915         0.60944       -14.15725        13.72349           1
        8513       -34.17786         0.72125     -1502.27464        -0.15700        -0.11436         0.41095         0.45454           0
        8518       -44.63405         2.54253     -1499.52557         0.09642        -0.09596        -0.61390         0.62879           0
        8518       -41.01944        -5.85602     -1499.78277         0.00066        -0.00188        -0.00257         0.00325           0
        8518       -41.82963        -5.36919     -1499.72512         0.00517        -0.01925        -0.02787         0.03426           0
        8518       -35.31409        -1.48833     -1500.18873        -0.06345        -0.04512        -4.53113         4.53179           0
        8528       -42.41032         3.12308     -1499.68380        -5.18957         0.94019      -114.42182       114.54331           0
        8536       -42.17953        -4.04382     -1499.70023        -0.13436        -0.02158        -3.00195         3.00503           0
        8550       -39.03427         5.13913     -1499.92403         0.44651         0.23764        -1.21732         1.31823           0
        8550       -39.62846         0.42331     -1501.88680        -0.08661        -0.16333         0.14065         0.23229           0
        8561       -34.73459         3.95062     -1500.22997        -0.07422        -0.04656        -2.93032         2.93163           0
        8590       -43.01206         2.92667     -1499.64099         0.33467        -0.35689        -0.39919         0.63145           0
        8675       -32.33027        -3.72593     -1500.40105        -0.16495        -0.03851        -6.05096         6.05333           0
        8676       -33.35342        -4.71934     -1500.32824        -0.24928        -0.05559        -7.87456         7.87870           0
        8704       -42.12976         3.99708     -1499.70377         0.27468         0.35571        -0.80796         0.92454           0
        8704       -41.19266        -5.05645     -1499.77045         0.61212        -0.54242        -0.32452         0.87990           0
        8704       -43.07319        -2.61249     -1499.63664         0.97471        -0.50619        -0.84605         1.38639           0
        8753       -37.70167        -5.14426     -1500.01885        -0.06958        -0.04064        -2.47768         2.47899           0
        8753       -37.70700        -3.49007     -1500.01847        -0.81430        -0.36750       -28.98359        28.99736           0
        8766       -41.75010        -0.22172     -1499.73078        -0.14753        -0.00223        -3.28710         3.29041           0
        8807       -31.82989         2.37594     -1500.43665        -0.01575        -0.01605        -1.11224         1.11247           0
        8837       -32.02514         4.89450     -1500.42276        -1.37964        -0.13017        -1.91532         2.36406           0
        8872       -37.86405        -2.95375     -1500.00729        -0.33913        -0.04162        -8.76239         8.76905           0
        8886       -33.20138        -0.88816     -1500.33906        -0.18762        -0.45349        -0.60489         0.77894           0
        8930       -31.95644        -0.42356     -1500.42765         0.00302        -0.01236        -0.48606         0.48623           0
        8949       -43.32833         1.69695     -1499.61848         0.65163         0.41728        -0.88277         1.17389           0
        8993       -32.87063        -3.00270     -1500.36260         3.93426        -0.76674      -117.42848       116.98698          -1
        9026       -33.63370         3.19073     -1500.30830         0.13592         0.34537        -1.09673         1.15783           0
        9107       -43.10682         2.69386     -1499.63424        -1.67735         0.15064       -35.92122        35.96067           0
        9112       -33.17852         1.00770     -1500.34069        -0.90457         0.21020       -34.56021        34.57269           0
        9125       -33.65577         1.01696     -1500.30673        -0.93228        -0.26940        -1.60924         1.87919           0
        9152       -38.35464         5.31244     -1499.97238        -0.24244         0.04963        -6.14842         6.15340           0
        9207       -37.45400        -0.45989     -1500.03647         0.96902        -2.90136       -46.27537        45.86818          -1
        9285       -36.56804         0.15140     -1500.09951        -2.27699        -0.21201       -85.26129        85.29195           0
        9292       -33.30811        -1.75486     -1500.33147        -0.04518         0.00754        -0.50894         0.51100           0
        9296       -36.58572         4.74886     -1500.09825        -0.24241        -0.41557        -1.55271         1.62554           0
        9307       -37.58624         7.49953     -1500.34235         0.61321        -0.49826        -1.68479         1.86086           0
        9337       -32.12827         2.11102     -1500.41542         2.47425        -1.20225        -5.94294         6.54873           0
        9337       -34.73470         6.09028     -1500.22996         0.48932        -0.13577        -1.40405         1.49306           0
        9348       -42.12627        -3.79584     -1499.70402       -17.72766        -1.74209      -398.91946       399.31697           0
        9350       -40.74057        -0.68188     -1499.80261        -1.99224         3.00950      -109.74422       109.29374          -1
        9359       -34.56682        -4.28471     -1500.24191         0.50056         0.06937        -0.81622         0.95999           0
        9359       -38.77431        -0.87644     -1499.94252         0.41228         0.18129        -0.88243         0.99072           0
        9359       -31.63054        -3.03911     -1500.45083         0.64907         0.21866        -1.29433         1.46438           0
        9380       -42.63407        -5.05324     -1499.66788         0.73397        -1.59116        -1.79689         2.50984           0
        9380       -39.76673         6.85155     -1499.87191         0.11892         0.25886        -1.00422         1.04384           0
        9385       -38.90901         0.45036     -1499.93294        -0.06742        -0.00809        -1.87798         1.87921           0
        9427       -33.37669        -2.24886     -1500.32659         0.80730         1.17649        -2.81946         3.15994           0
        9431       -40.00636         6.33173     -