          28       -35.43213         4.88722     -1500.18033        -0.03673        -0.26525        -0.24869         0.36544           0
          98       -40.68323        -2.70661     -1499.80669        -1.25283         0.06801       -47.91188        47.42003           1
          98       -35.55627        -5.16661     -1500.17150        -0.03187        -0.00917        -2.47445         2.47468           0
         110       -41.13154        -1.67351     -1499.77479         0.43117        -0.05934        -1.46678         1.52999           0
         110       -32.07910        -3.34282     -1500.41892        -0.24906        -0.06066       -48.82654        48.31889           1
         110       -41.63725         2.85875     -1501.74387        -0.32123        -0.16919         0.35959         0.51100           0
         137       -37.52039         0.71685     -1500.03174        -0.47362        -0.06373       -15.18575        15.19327           0
         188       -41.31838         2.47058     -1499.76150        -0.02507         0.00368        -0.72694         0.72738           0
         196       -32.93771        -4.24502     -1500.35782         0.15013        -0.21389        -0.39553         0.47406           0
         197       -39.51012         2.94513     -1499.89017         2.52194        10.36645        -6.29368        11.88638          -1
         197       -38.97133         3.18109     -1499.92850         0.00210         0.00721        -0.00430         0.00865           0
         197       -38.36674        -7.25888     -1499.97152         0.42284        -0.11551        -0.70713         0.83197           0
         197       -39.18478        -4.79414     -1499.91332         0.84441         0.01607        -1.67089         1.87221           0
         197       -32.55402         3.80404     -1500.38512         0.45511         0.35976        -0.17406         0.60568           0
         209       -38.20230         2.68360     -1499.98322         0.42495         0.23941        -0.15237         0.51100           0
         226       -38.60322        -2.07488     -1499.95470         0.27127        -0.17442        -0.15589         0.35820           0
         226       -43.12897         5.23095     -1501.33126         0.16486         0.07882         0.18550         0.26039           0
         226       -39.29209        -2.02910     -1499.90568         0.54588        -0.41674        -0.95786         1.17863           0
         226       -35.08362         3.72519     -1502.21019         3.45885        -0.45758         0.96438         3.14471          -1
         226       -40.18216         3.99630     -1501.84740         0.05210        -0.03907         0.08788         0.10938           0
         231       -40.00587        -6.00865     -1499.85489        -0.02169         0.72324        -1.04384         0.85804          -1
         247       -31.40269         0.13545     -1500.46705        -0.18398         0.00268        -6.68037         6.68291           0
         250       -36.93521        -5.41170     -1500.07338        -0.09235        -0.00143        -3.02734         3.02875           0
         268       -34.37270        -4.38702     -1500.25572        -0.26996        -0.05420        -8.11251         8.11718           0
         269       -34.66639        -6.20366     -1500.23482         1.38309        -0.09954        -6.87495         7.01340           0
         269       -42.34368        -2.22053     -1499.68855        -0.00353        -0.00400        -0.12783         0.12794           0
         283       -37.58749        -6.58285     -1502.03203         0.37493        -0.11406         0.92872         1.00802           0
         317       -32.82990        -2.91192     -1500.36549        -0.42379        -0.05865       -13.66713        13.67383           0
         333       -38.27843         7.47799     -1500.79925         0.35124        -0.33556        -0.15858         0.51100           0
         365       -34.71903        -2.59286     -1500.23107        -0.15746        -0.01815        -4.64560         4.64831           0
         374       -34.72149        -4.86700     -1500.23090        -0.07155        -0.03860        -0.50449         0.51100           0
         384       -36.55105        -0.33127     -1500.10072        -2.26060         0.22141       -56.30229        56.34809           0
         403       -31.34319         1.18747     -1500.47128         0.27101         0.05261        -0.60075         0.32461          -1
         504       -34.70413        -5.96831     -1500.23213        -2.61169         1.08958        -6.55704         6.64889          -1
         504       -36.01236        -5.88806     -1500.13905        -4.81721         1.53582        -3.86402         5.87304           1
         504       -36.28658        -5.33366     -1500.11954        -0.21325         0.10972        -0.15001         0.28287           0
         504       -34.11139        -6.28598     -1500.27431        -0.06551         0.03460        -0.39191         0.39885           0
         504       -33.65789        -5.73677     -1500.30658        -0.41683         3.35726       -13.62179        14.03560           0
         505       -32.67216        -2.65575     -1500.37672        -0.99797         0.64942      -123.83778       123.33356           1
         505       -37.55188         7.30977     -1500.02950         0.15159         0.38218        -1.12229         1.19523           0
         506       -39.16483         6.84682     -1499.91474         0.50539        -0.09758        -0.25337         0.57371           0
         512       -31.45373        -2.09274     -1500.46342         1.87696        -5.20987       -11.00808        11.82207          -1
         512       -34.13196        -0.87985     -1500.27285         0.16904        -1.71339        -4.12287         4.46793           0
         512       -32.17272         1.21375     -1500.41226         0.01623        -0.03629        -0.11740         0.12395           0
         512       -33.29505         4.64964     -1500.33240         0.16429        -0.27695        -1.99995         2.02570           0
         578       -44.53704         0.27278     -1499.53248        -0.57115         0.00476       -11.70721        11.72114           0
         614       -41.05186        -4.10717     -1499.78046        -0.00146         0.00004        -0.05754         0.05756           0
         640       -37.91556        -1.08912     -1500.00363        -0.05789        -0.36889       -13.37870        13.38391           0
         644       -32.05084         3.08670     -1500.42093        -0.30448         0.20962       -15.55327        15.55767           0
         666       -40.51318         6.46856     -1499.81879        -0.14810         0.03283        -3.45908         3.46240           0
         678       -44.52093         1.80862     -1499.53362         0.04713         0.08140        -0.66603         0.67264           0
         688       -44.02007         1.47354     -1499.56926        -0.08698         0.02403        -1.46984         1.47260           0
         728       -34.23634        -1.78877     -1500.26542        -0.07219        -0.02273        -2.84463         2.84563           0
         762       -40.63623        -1.53257     -1499.81004        -0.31834         0.07014        -0.15521         0.36104           0
         762       -33.89037        -1.63904     -1500.29004        -0.10034         0.03479        -0.19952         0.22602           0
         762       -38.57561         1.99884     -1499.95666        -0.21849         0.01681        -5.50063         5.50499           0
         843       -40.98759         1.70293     -1499.78504         0.82525         0.61750        -3.52778         3.67526           0
         843       -39.92871        -1.74368     -1499.86038         0.63693        -0.03349        -1.70794         1.82315           0
         843       -40.70469         1.79287     -1499.80517         1.23636         0.66680        -4.67740         4.88378           0
         843       -41.23764        -4.50724     -1499.76725         0.16482        -0.17376        -0.67193         0.71334           0
         860       -39.15671        -0.56713     -1499.91531        -0.56094        -0.01287       -13.84933        13.86069           0
         890       -42.46983         3.80010     -1499.67957        -0.00917         0.00204        -0.17934         0.17958           0
         901       -43.00976         0.68326     -1499.64115        -0.03308        -0.41473        -2.45158         2.48663           0
         902       -35.87965         5.94754     -1500.14849        -0.31436         0.07431        -8.83905         8.84495           0
         952       -42.66924        -0.66889     -1499.66538        -0.26603         0.58893        -1.54495         1.67466           0
         967       -32.54087         1.43104     -1500.38606        -2.30429        -0.22267       -15.41058        15.08087          -1
         980       -34.96883        -3.22590     -1500.21330        -0.45030         0.52803       -20.06377        19.57127          -1
        1006       -40.67048         2.66092     -1499.80760         0.18180         0.87141        -5.76476         5.83308           0
        1019       -43.84256         2.91082     -1499.58189         0.20989         0.15846        -1.16574         1.19503           0
        1019       -37.95741        -2.39201     -1500.00065         0.16067        -0.06844        -1.05081         1.06523           0
        1019       -30.41951         1.91448     -1500.60996        -0.34605         0.20868        -0.29332         0.49933           0
        1019       -32.31249         0.98821     -1500.40231         0.06721         0.00385        -0.21665         0.22687           0
        1019       -43.22919        -1.06569     -1499.62554         0.00960        -0.13284        -5.36218         5.36383           0
        1019       -31.72748         3.65966     -1500.44394         0.07443         0.16866       -38.40395        38.40439           0
        1075       -42.33703        -3.83969     -1499.68902         1.55638         0.12060        -7.10376         7.27326           0
        1181       -43.10703        -1.84231     -1499.63423        -0.03425         0.01254        -1.01049         1.01115           0
        1232       -40.06796        -6.38336     -1499.85047        -0.03421        -0.00481        -0.75729         0.75808           0
        1251       -34.02475        -5.12811     -1500.28048        -0.75267        -0.96455        -3.40635         3.61941           0
        1276       -37.76530        -3.87612     -1500.01432        -0.03365         0.02284        -1.54815         1.54868           0
        1324       -41.74702        -1.13821     -1499.73100        -0.52435        -0.01461       -12.19181        12.20309           0
        1342       -32.05017         0.10502     -1500.42098         0.80577        -1.43034        -0.92469         1.88419           0
        1414       -37.52825        -4.33982     -1500.03119        -0.28595        -0.04912        -7.49580         7.50141           0
        1422       -33.97748        -1.32059     -1500.28384        -0.01989        -0.01614        -1.75955         1.75974           0
        1433       -33.21658         3.11841     -1500.33798         0.40316         1.91329        -6.87354         7.14624           0
        1456       -33.37813         3.70906     -1500.32649         0.52288         0.36415        -1.01537         1.19875           0
        1456       -38.54949        -2.21384     -1499.95852         1.90743         2.92845        -3.31062         4.81397           0
        1468       -39.35494        -4.19541     -1499.90121        -5.06983        -1.13140      -147.71715       147.80846           0
        1468       -41.22560         6.37616     -1499.76810        -0.20504         0.07909        -5.29489         5.29945           0
        1474       -42.25721        -0.54086     -1501.69975         0.31359         0.17089         0.36549         0.51100           0
        1505       -36.65832        -7.42625     -1500.90253         0.05948         0.97971        -0.97283         1.38194           0
        1505       -41.23022        -6.63429     -1501.08741         0.62425         0.77060        -5.26721         5.35975           0
        1515       -42.99922         4.96743     -1499.64190         0.34420        -0.11105        -0.79991         0.87787           0
        1602       -36.33935         0.61553     -1500.11578        -0.11202         0.01586        -3.10018         3.10224           0
        1619       -38.14883        -4.91006     -1499.98703        -0.77434        -0.44780       -24.31755        24.33399           0
        1641       -37.45650        -3.22177     -1500.03629        -0.33328        -0.03966        -8.74343         8.74987           0
        1644       -33.28802        -0.72995     -1500.33290        -0.29450         0.12568       -12.26645        11.77027           1
        1663       -37.40609        -1.61693     -1500.03988         0.17539        -0.53600        -0.23083         0.60938           0
        1700       -37.83921         3.84779     -1500.00906        -0.24768         0.04296        -6.43681         6.44171           0
        1765       -31.35077         2.49665     -1500.47074        -0.23659         0.07610        -9.28894         9.29227           0
        1792       -37.38837        -0.39202     -1500.04114        -0.04389         0.05026        -1.98162         1.98274           0
        1838       -43.05490        -0.24616     -1499.63794        -0.72243        -1.61792        -1.23908         2.16215           0
        1848       -37.51336        -3.03285     -1500.03224        -0.12139        -0.04710        -4.51152         4.51340           0
        1853       -39.99349         3.91564     -1499.85577         0.29632        -0.08697        -3.13845         3.15361           0
        1854       -43.74210        -3.38613     -1499.58904        -0.20233         1.02544       -11.86960        11.91553           0
        1880       -43.82656        -0.86407     -1499.58303        -0.45229         0.02453        -9.17447         9.18565           0
        1886       -38.92425         0.43090     -1499.93185         0.22229         1.70095        -9.17167         9.33071           0
        1945       -32.47295         5.34246     -1501.46347       -15.13137        -2.16928       -22.99497        27.10591           1
        1945       -32.43823         5.32096     -1501.28171        -0.59548        -1.19006        -2.20464         2.11434          -1
        1952       -37.52733         5.71339     -1500.03125        -0.14235         0.10445        -4.38988         4.39343           0
        1976       -38.72907         2.99829     -1499.94574        -0.15659         0.02252        -4.49241         4.49520           0
        1989       -42.44193        -0.02074     -1499.68155        -0.72427        -3.35575       -59.26092        58.85148           1
        1989       -36.63170         3.42609     -1502.10004         0.03681        -0.04995         0.50722         0.51100           0
        1989       -39.76314        -0.39849     -1499.87216         0.07255        -0.08905        -1.37776         1.38254           0
        1989       -38.46451        -0.56128     -1499.96457         0.29758        -0.24406        -3.56462         3.58534           0
        2011       -44.38648         1.69906     -1499.54319         0.24667         0.31399        -2.22353         2.25910           0
        2011       -36.01050        -5.60212     -1500.13918         0.20795        -0.10725        -0.42357         0.48390           0
        2022       -40.06047        -2.59284     -1499.85101        -0.06996         0.08640        -3.84356         3.84516           0
        2042       -39.02927         1.66445     -1499.92438        -0.36315         0.09581        -9.78125         9.78845           0
        2053       -30.25489        -0.89830     -1501.03646        -0.04181         0.07250        -0.00218         0.08372           0
        2053       -30.40316        -1.42383     -1501.95928        -0.72485         0.43128        -1.15216         1.42789           0
        2092       -36.78269        -2.08323     -1500.08424         0.17684         0.73878        -1.69252         1.85518           0
        2106       -39.34999         0.53689     -1499.90156        -0.01440         0.00033        -0.44514         0.44537           0
        2236       -41.61733        -0.45072     -1499.74023        -0.39182        -0.00608        -8.84912         8.85780           0
        2236       -37.87986        -2.90980     -1500.00617        -0.18018        -0.02266        -4.72485         4.72834           0
        2252       -34.04617        -4.05405     -1500.27895         2.20072        -0.39229        -2.78475         3.57098           0
        2252       -35.68881        -2.72002     -1500.16207         1.08054        -0.10533        -1.53063         1.87656           0
        2252       -37.42266        -3.45072     -1500.03870         5.88869        -1.06820        -9.59112        11.30519           0
        2295       -39.83800        -6.32532     -1499.86684        -0.48636        -0.11316       -11.69558        11.70623           0
        2337       -32.65458        -3.88033     -1500.37797        -0.03373        -0.04140        -1.75751         1.75832           0
        2376       -39.38202        -4.85326     -1499.89928         0.41652        -0.12399        -0.54808         0.69946           0
        2388       -35.91151         5.62997     -1500.14622        -0.41833         0.33040       -19.43199        19.43930           0
        2390       -42.59754        -3.46975     -1499.67048        -0.16387        -0.00985        -3.58531         3.58907           0
        2406       -35.49750         0.38352     -1500.17568        -0.22692        -0.00499        -7.31499         7.31851           0
        2507       -32.26311         2.58954     -1500.40582         0.08206        -0.11064        -6.98747         6.98882           0
        2525       -36.83167        -1.12187     -1500.08075         0.00155         0.00563        -0.09998         0.10016           0
        2610       -40.64971        -1.72535     -1499.80908        -0.22355        -0.01344        -5.21284         5.21765           0
        2620       -36.82341        -2.00293     -1500.08134        -0.06877         0.00157        -2.29357         2.29461           0
        2669       -36.09536        -1.96302     -1500.13314         0.66990        -0.24280        -5.21392         5.26238           0
        2716       -34.53672        -0.93679     -1500.24405        -0.03308        -0.00524        -1.42175         1.42214           0
        2720       -36.32698        -6.02889     -1500.11666         0.02243        -0.03063        -0.21877         0.22204           0
        2734       -45.03211        -1.09539     -1499.49725        -0.98654         0.20888        -0.94644         1.38298           0
        2759       -32.03509        -0.42015     -1500.42205        -9.16631         0.30124       -14.21724        16.41540           1
        2759       -31.85814        -0.53088     -1500.43464        -0.34447        -0.00709        -0.58510         0.67901           0
        2759       -30.37597        -0.57175     -1500.54010        -1.49772        -0.30450       -10.91996        11.02640           0
        2759       -30.29064        -0.32672     -1500.54617        -0.14266         0.04351        -1.22748         1.23651           0
        2759       -35.37133         1.85464     -1500.18466        -5.41181         2.74433        -4.25005         6.91484          -1
        2759       -31.53273        -3.05751     -1500.45779        -0.21712        -0.27279        -0.58865         0.68415           0
        2766       -42.30891        -3.03383     -1499.69102        -0.61417        -0.37610        -0.78090         1.06229           0
        2779       -41.30075        -1.15802     -1499.76275        -0.75411        -0.00321       -19.93307        19.94733           0
        2779       -38.30756         4.55818     -1499.97573        -4.34852         1.67181      -138.34955       138.42796           0
        2781       -34.14526         4.71117     -1500.27190        -0.09184         0.02850        -2.98275         2.98430           0
        2810       -32.58364        -4.64674     -1500.38302        -1.13016        -2.61726       -11.65571        11.49917          -1
        2869       -40.69440         1.59351     -1499.80590        -0.35558         0.04612        -9.12652         9.13356           0
        2881       -32.80946         5.26502     -1500.36695        -3.90627         1.01264      -125.88177       125.94644           0
        2915       -36.29246         4.97357     -1500.11912        -0.50531         0.10478       -13.87627        13.88586           0
        2959       -37.50361         6.20019     -1500.03294        -0.23477         0.05533        -6.10395         6.10871           0
        3020       -40.13342         4.74596     -1499.84582        -0.38383         0.41337        -1.09189         1.22900           0
        3038       -38.82830         6.09885     -1499.93868        -0.02995        -0.00093        -0.69115         0.69180           0
        3069       -39.36041         5.72800     -1499.90082         0.41401         0.68993        -2.65398         2.77327           0
        3070       -35.55970        -2.55838     -1500.17126        -0.10825        -0.01174        -3.06963         3.07156           0
        3078       -36.24753         2.72777     -1500.12231        -0.08588         0.00996        -2.34101         2.34261           0
        3106       -33.97467        -1.64016     -1500.28404        -0.07651         0.05279        -6.50478         6.01449          -1
        3137       -36.46110        -0.57239     -1500.10712        -0.14643        -0.01854        -4.87840         4.88064           0
        3173       -39.11657         2.54172     -1499.91817        -1.42506         0.29830       -45.96270        45.98576           0
        3239       -36.55080        -1.82889     -1500.10074        -0.16026        -0.14521       -12.11462        12.11655           0
        3254       -39.44921         1.90833     -1499.89450        -0.40889        -0.01421        -7.89185         7.90244           0
        3292       -38.66122        -3.82527     -1499.95057        -0.11141        -0.03118        -3.77622         3.77799           0
        3292       -33.65763        -1.53471     -1502.31165         0.28057         0.12137         0.40948         0.51100           0
        3332       -36.77538        -1.62499     -1500.08476        -0.24630        -0.06128        -8.92953         8.93313           0
        3381       -31.07116        -0.34530     -1500.49064         1.28034         1.14443       -12.25980        11.87903           1
        3384       -40.22313         5.42474     -1499.83943        -0.30185         0.10578        -7.41875         7.42564           0
        3388       -34.32474        -0.42571     -1500.25913        -0.52180         0.11662       -24.57154        24.57735           0
        3479       -33.09195         5.23815     -1500.34685         0.50791        -0.03102        -1.28065         1.37804           0
        3497       -37.37359        -4.29816     -1500.04219        -0.14171        -0.05528        -4.47492         4.47750           0
        3525       -34.95816         1.04061     -1500.21406        -0.03450         0.00230        -1.28466         1.28512           0
        3565       -39.77734         0.16611     -1499.87115        -0.08322        -0.01872        -2.80864         2.80993           0
        3578       -40.09897        -3.63151     -1499.84827        -0.20046         0.50463        -0.88734         1.04029           0
        3581       -33.25057        -1.09122     -1500.33556         1.59261        -0.25058        -2.36962         2.86606           0
        3581       -37.54280         4.62429     -1500.03015         0.32165        -0.12126        -0.08200         0.35340           0
        3581       -45.16356        -1.17445     -1501.28433         0.69790        -0.28759        -2.41637         2.53152           0
        3584       -34.80903        -5.78985     -1500.22467        -0.18729        -0.04032        -5.95089         5.95397           0
        3642       -42.47235         0.14494     -1499.67939        -1.03556         0.11812       -21.27364        21.29916           0
        3652       -34.58467         0.83029     -1500.24064         0.59304        -0.26175        -0.46942         0.80035           0
        3652       -31.70770        -1.03239     -1500.44534         0.55816        -0.12887        -0.62237         0.84587           0
        3652       -34.93999         0.32285     -1500.21535         0.42971        -0.10119        -0.25734         0.51100           0
        3685       -38.90791         0.00713     -1499.93302        -0.38426         0.02928       -21.86086        21.86426           0
        3712       -31.84338        -3.48741     -1500.43569         0.52873        -1.05452        -4.54725         4.69777           0
        3712       -34.50448         5.49902     -1500.24634         2.62256        -1.98682       -45.22088        45.34041           0
        3734       -41.61110        -0.36912     -1499.74067        -0.42737        -0.01330       -10.20746        10.21642           0
        3746       -34.83964        -5.54633     -1500.22249        -0.47816        -0.12376       -14.07741        14.08608           0
        3760       -31.80268        -0.59526     -1500.43859        -0.33498         0.03525       -12.40804        12.41261           0
        3769       -37.64360        -4.64005     -1500.02298        -4.45013         1.02964      -177.43836       176.98688           1
        3769       -44.37324        -1.72026     -1499.54413        -0.32661         0.11207        -8.09735         8.10471           0
        3824       -35.35319         4.24963     -1500.18595        -0.43601         0.07763       -12.47512        12.48298           0
        3824       -36.96921         2.93060     -1500.07096        -0.54897         0.06496       -14.72084        14.73121           0
        3849       -37.72881         5.10809     -1500.01691        -1.11677         0.22440       -29.06713        29.08944           0
        3986       -36.00909         5.32289     -1500.13928        -1.63687         1.72388       -67.15011        66.68312          -1
        3999       -40.18881         1.37755     -1499.84187        -0.22320         0.00953        -5.26112         5.26586           0
