          30       -33.78084         0.17215     -1500.29783         1.24645         0.12040        -5.15816         5.30799           0
          45       -32.90410        -2.04089     -1500.36022        -0.19518        -0.07320        -8.84959         8.85204           0
          45       -33.79017        -2.37565     -1500.29717        -0.06648        -0.02354        -2.76416         2.76506           0
         123       -42.66669         0.37092     -1499.66556        -0.33824        -0.00460        -7.07647         7.08455           0
         149       -37.81629        -7.36948     -1500.01069        -0.04064        -0.01046        -1.60932         1.60987           0
         155       -36.97158        -1.88023     -1500.07080        -0.20907         0.04639        -6.94181         6.94511           0
         155       -42.71151        -1.55574     -1499.66237        -0.66794         0.11159       -15.30841        15.32338           0
         172       -33.70028        -5.04006     -1500.30356        -0.16069        -0.03791        -4.97168         4.97442           0
         178       -36.42911        -0.63467     -1500.10939        -0.26416        -0.12914       -10.12371        10.12798           0
         228       -38.64910         3.67421     -1499.95143        -0.37268         0.09399       -10.82370        10.83053           0
         239       -40.33815        -4.69595     -1499.83125        -0.25672         0.14495        -0.53578         0.61154           0
         265       -40.62506        -4.15078     -1499.81083        -0.42290         0.32297        -2.53261         2.58790           0
         277       -36.81004        -0.54174     -1500.08229        -0.46801         0.65077        -0.97094         1.25907           0
         280       -39.71702        -5.58460     -1499.87544         0.45927        -0.23855        -0.34380         0.62132           0
         294       -39.90396         0.23510     -1499.86214        -0.43376        -0.00095        -9.97523         9.98466           0
         295       -37.02252        -2.75238     -1500.06717        -0.17197        -0.02373        -4.64490         4.64814           0
         309       -36.67882        -0.82515     -1500.09163        -0.63651        -0.02222       -17.28858        17.30031           0
         334       -30.20617        -0.58804     -1500.55219        -0.05796        -0.00162        -2.14795         2.14873           0
         359       -34.02127         3.35102     -1500.28072         0.08325         0.54341        -0.95996         0.70755           1
         359       -33.82368        -1.96188     -1500.29478        -0.14472        -0.05375        -7.06117         7.06286           0
         371       -37.36779         7.43294     -1502.04766        -0.85813         1.25535         1.35609         1.58957           1
         379       -35.41585        -6.18571     -1500.18149        -6.11332        -1.58615       -31.25389        31.88564           0
         379       -44.14211        -2.10676     -1499.56058        -0.79570         0.07122        -2.08531         2.23310           0
         379       -30.63790        -1.17471     -1500.52147        -0.76465        -0.43571        -1.52572         1.76135           0
         379       -43.16959         1.15699     -1499.62978        -0.17729        -0.06356        -6.05652         6.05945           0
         429       -37.92691         3.08972     -1500.00282        -0.24859        -0.26254        -1.24759         1.29893           0
         431       -42.76965         4.61743     -1499.65824        -0.13051        -0.67415        -0.35150         0.77141           0
         503       -35.64789         4.96809     -1500.16498        -0.23262         0.04501        -6.50838         6.51270           0
         518       -39.62262        -4.29922     -1499.88216         0.02772         0.01813        -0.31608         0.31781           0
         549       -39.91042        -4.52319     -1499.86168         0.39357        -0.09684        -3.40636         3.43039           0
         549       -39.49924        -2.82006     -1499.89094         0.34328        -0.45237        -0.35281         0.66855           0
         549       -37.18114         4.89071     -1500.05588         5.69839         1.23791        -4.80078         7.05952           1
         549       -39.03754        -6.98052     -1499.92379        -0.21582        -0.10628        -0.07357         0.05857          -1
         549       -38.85514         0.57034     -1499.93677         0.19291         0.13530        -0.66964         0.70989           0
         551       -37.26648        -2.64096     -1500.04981        -0.02598        -0.01515        -0.92258         0.92307           0
         620       -39.27712         5.07564     -1499.90675        -0.12501         0.02780        -3.00069         3.00342           0
         648       -36.56498        -1.56398     -1500.09973        -0.31113        -0.02061        -8.54569         8.55138           0
         687       -35.94208        -1.22371     -1500.14405        -0.32845         0.02126       -13.58314        13.58713           0
         693       -37.80381         7.49983     -1501.51530        -0.32725        -0.23262        -0.18955         0.44400           0
         699       -40.30832         5.61109     -1499.83337        -0.18907        -1.05758        -0.59693         1.22904           0
         708       -41.27819        -2.95789     -1499.76436        -0.01420         0.00798        -0.65231         0.65251           0
         716       -34.39369        -6.39229     -1500.25422         0.95108         0.15910        -3.36633         3.50172           0
         723       -34.06060         3.49270     -1500.27793        -0.16985         0.18023        -0.44698         0.51100           0
         759       -42.50621         2.86687     -1499.67698         1.34479         0.20583        -1.63447         2.12657           0
         800       -37.15752         6.86503     -1500.05756         1.68956         0.91041        -0.97365         2.15208           0
         800       -42.05523        -5.57000     -1499.70907         0.99129         0.38442        -2.29460         2.52896           0
         824       -35.20065         4.63287     -1500.19680        -0.22473         0.04283        -6.34830         6.35242           0
         841       -37.35280        -3.81686     -1500.04367         0.26625        -0.09525        -1.23407         1.26605           0
         875       -35.48866        -1.31981     -1500.17631         0.66644        -0.44909        -1.92434         2.08540           0
         888       -38.75550        -0.19210     -1499.94386        -0.33507        -0.35285        -0.15603         0.51100           0
         888       -38.31337         4.07511     -1499.97532        -0.14857        -0.05622        -0.07544         0.17586           0
         888       -38.70362        -2.84524     -1499.94755        -0.25478         0.10182        -0.63990         0.69624           0
         900       -35.73875        -2.67382     -1500.15852        -0.26382        -0.00039       -11.02670        11.02986           0
         901       -40.19440        -1.25878     -1499.84148        -0.12585        -0.00554        -2.99701         2.99966           0
         908       -31.80000        -0.81369     -1500.43878        -0.10620        -0.10378        -0.96862         0.97993           0
         990       -37.99909         5.62255     -1499.99768         0.29568        -0.67966        -2.73310         2.83182           0
         990       -42.95123        -0.39681     -1499.64532        -0.39151        -0.94687        -1.32811         1.67741           0
         994       -43.06640        -1.40756     -1499.63712        -0.50953        -0.02085       -10.68620        10.69836           0
        1017       -42.44211        -3.01960     -1499.68154        -0.30384        -0.03119        -6.66559         6.67258           0
        1019       -33.21920         1.07457     -1500.33779        -0.82060        -2.10496        -8.62221         8.91329           0
        1040       -38.46510        -2.09298     -1499.96452        -0.09939         0.00563        -1.85216         1.85483           0
        1069       -31.48202         2.86612     -1500.46140        -0.10667         0.23668        -7.27497         7.27960           0
        1074       -36.30150         1.88604     -1500.11847         1.26408         0.49689        -1.90444         2.33917           0
        1137       -38.45165         1.21112     -1499.96548        -0.10116         0.00562        -2.68837         2.69028           0
        1137       -34.34590        -2.37850     -1502.26268         0.24355        -0.20032         0.40209         0.51100           0
        1156       -35.26808         1.82712     -1500.19201        -0.37274         0.00145       -12.78747        12.79290           0
        1168       -39.46070        -6.08726     -1499.89368        -0.09011        -0.02044        -2.19025         2.19219           0
        1236       -36.65109        -2.86031     -1500.09360        -0.16108        -0.55310       -20.72628        20.73428           0
        1238       -36.06588        -4.78253     -1500.13524         0.24986        -0.15359        -0.65272         0.71558           0
        1238       -32.22832         4.81309     -1500.40830         0.70882         0.32003        -0.76417         1.09032           0
        1238       -37.41076         1.87396     -1500.03955         0.96192        -0.10735        -2.56281         2.73949           0
        1239       -40.31455        -2.12591     -1499.83293         0.64171         0.35449        -0.91280         1.17075           0
        1239       -41.08455        -5.01667     -1499.77814        -0.22497         0.15796        -0.43077         0.51100           0
        1295       -40.84336         3.45787     -1499.79530        -0.87305         0.09007       -28.78087        28.79425           0
        1295       -43.39717         2.32866     -1501.61864        -0.25851         0.09609         1.20026         1.23154           0
        1298       -41.60982        -1.81332     -1499.74076        -0.43867         0.01849       -12.55422        12.56189           0
        1334       -38.21973         1.95793     -1499.98198        -0.27318         0.02215        -6.98018         6.98556           0
        1337       -34.60860         4.10838     -1500.23893         0.18030         0.16264        -1.00741         1.03626           0
        1337       -42.50879        -0.31273     -1499.67680        -0.24020        -0.00313        -5.25237         5.25786           0
        1342       -42.24740         1.55553     -1499.69540         0.17799        -0.16522        -0.46654         0.52596           0
        1346       -33.80602         6.33904     -1500.29604         0.42527         0.29932        -0.31504         0.60802           0
        1346       -37.08978         6.37871     -1500.06238         1.20800         0.45825        -2.64572         2.94433           0
        1375       -36.81481        -4.36257     -1500.08195        -0.11283        -0.01590        -4.00404         4.00566           0
        1414       -41.21800        -4.35909     -1499.76864         1.39517        -0.34203        -5.31369         5.50444           0
        1421       -44.89669         1.99847     -1500.05053         0.54757         0.16048        -0.11738         0.58255           0
        1429       -38.02200         2.20863     -1499.99605        -0.01485        -0.04969        -1.52215         1.52303           0
        1452       -44.03109         1.33301     -1499.56848         0.00253         0.06453        -4.25944         4.25993           0
        1511       -33.01119        -1.42196     -1500.35260         0.29703        -0.21207        -0.88563         0.95788           0
        1511       -39.44874        -3.67758     -1499.89453         0.24393        -0.48503        -1.34339         1.44894           0
        1520       -40.79370        -0.78727     -1499.79883         0.27482         0.22942        -1.04845         1.10788           0
        1542       -32.88307         2.50181     -1500.36171        -0.03573        -0.03014        -2.12622         2.12673           0
        1557       -36.49285        -3.27983     -1500.10486        -0.10481        -0.01172        -6.82748         6.82829           0
        1557       -37.62346        -0.29459     -1500.02441        -0.14173         0.04280        -7.72519         7.72661           0
        1570       -41.09792         2.55262     -1499.77719        -0.28802         0.03137        -6.32523         6.33187           0
        1571       -41.07938        -5.30023     -1499.77851        -0.69047        -0.13735       -15.84214        15.85778           0
        1594       -42.43959         3.25624     -1499.68172         0.01864        -0.29790        -0.94545         0.99145           0
        1623       -32.24809         4.89350     -1500.40689         0.02300         0.00706        -0.89794         0.89826           0
        1623       -32.09907         2.35055     -1500.41750         0.08632        -0.00237        -3.28310         3.28423           0
        1635       -35.00542         3.61925     -1500.21070        -0.32256         0.33046        -0.46035         0.65206           0
        1645       -37.22323         5.26342     -1500.05289        -0.09387         0.74589       -20.21849        19.72791           1
        1645       -37.22858         5.31255     -1501.34089        -0.07168         0.73272       -20.21793        19.72678           1
        1645       -37.22858         5.31255     -1501.34089        -0.02130         0.02027        -0.00001         0.00085          -1
        1648       -32.82616        -5.48112     -1500.36576        -0.70195         2.16854        -7.51276         7.85091           0
        1648       -33.38913        -6.13304     -1500.99773         0.51286         3.70888         1.82321         3.68472          -1
        1648       -41.36279         1.58301     -1499.75834        -0.28527        -0.11499        -0.12758         0.33298           0
        1655       -35.70380         0.41644     -1500.16100        -0.14751         0.00704        -4.34394         4.34645           0
        1753       -43.97904         1.33649     -1499.57218         0.02139         0.16716        -0.88538         0.90128           0
        1758       -34.80649        -3.24682     -1500.22485         0.37230         0.10237        -0.67919         0.78127           0
        1762       -37.90957         5.26169     -1500.00405        -0.19400         0.03990        -5.01211         5.01602           0
        1820       -44.28400        -3.52500     -1500.01818         2.23670         0.99117        -5.19578         5.74294           0
        1881       -39.03970         5.49321     -1499.92364        -5.82449        -1.14190      -232.33783       231.90320           1
        1881       -37.58199        -3.04834     -1500.02736        -0.39179        -2.65806        -7.15324         7.14725          -1
        1905       -36.82728         6.92653     -1500.08106        -0.13392         0.03720        -3.73889         3.74147           0
        1908       -37.99495        -3.54036     -1499.99798        -1.39484        -0.17819       -37.97344        37.99947           0
        1932       -34.71863        -1.18345     -1500.23110        -0.17215        -0.03203        -4.78370         4.78690           0
        1932       -38.81361        -6.03033     -1499.93973        -0.24660        -0.05649        -6.13192         6.13714           0
        1948       -32.42880        -1.89524     -1500.39403         1.27783        -0.42024        -2.04310         2.44616           0
        2036       -43.61288         1.94722     -1499.59824        -0.00966         0.00167        -0.23153         0.23174           0
        2036       -38.60094         0.93191     -1499.95486        -0.09438         0.01314        -3.14296         3.14441           0
        2066       -40.40556        -3.04672     -1499.82645         0.05863        -0.30136        -1.38546         1.41907           0
        2091       -43.07623        -3.80325     -1499.63642        -0.02951         0.63809       -14.45684        14.47095           0
        2100       -37.26795        -0.93431     -1500.04971       -13.78767        -6.76020       -62.56530        63.91320           1
        2100       -36.82111        -0.24250     -1500.08150        -0.07405        -0.03235        -0.35096         0.36014           0
        2100       -34.31763         5.07557     -1500.25964        -0.17175         0.04322        -1.15360         1.16712           0
        2120       -44.10693         0.92029     -1499.56308        -0.09912         0.03347        -1.99443         1.99717           0
        2123       -31.40914        -3.37023     -1500.46659        -0.09452        -0.00818        -3.68384         3.68506           0
        2156       -30.55061         1.62321     -1500.52768        -0.05699        -0.00910        -5.30031         5.30063           0
        2162       -42.68199         4.32542     -1499.66447        -0.30458         0.04559        -6.47134         6.47866           0
        2188       -41.08942         0.03002     -1499.77779         0.40350        -0.09265        -0.87422         0.96729           0
        2190       -39.54896        -3.19169     -1499.88740        -0.12919        -0.04283        -3.10113         3.10411           0
        2201       -38.49310         4.27676     -1499.96253        -0.32752         0.04592        -8.84367         8.84985           0
        2225       -38.12144         1.07746     -1499.98898        -0.42265        -0.14420        -0.76396         0.88491           0
        2225       -38.24250         6.05997     -1499.98036        -1.03854        -0.03411        -2.65112         2.84748           0
        2227       -44.23625        -1.07290     -1499.55388        -1.15656         1.18349        -7.48311         7.66389           0
        2291       -43.59997         1.51289     -1499.59915        -0.23387         0.01146        -4.93912         4.94467           0
        2297       -39.68504         5.52027     -1499.87772        -0.67977         0.13940       -16.39481        16.40948           0
        2319       -40.47415         4.98610     -1499.82157        -0.17877         0.04306        -4.14647         4.15054           0
        2324       -43.35693         0.74635     -1499.61645        -0.12215        -0.00142        -3.08943         3.09184           0
        2324       -42.84211         1.09926     -1501.65814         0.11419        -0.13862         0.19190         0.26283           0
        2324       -33.90837        -0.10642     -1500.28876         0.90293         2.23563        -2.33062         2.88109           1
        2324       -36.06300         3.85250     -1500.13544         0.32876        -0.18069        -0.34697         0.51100           0
        2324       -38.18056         7.48099     -1499.99500        -1.04772        -3.34855         2.82755         4.02405          -1
        2324       -34.05011        -0.56873     -1500.27867         0.06059         0.03685        -0.08893         0.11374           0
        2324       -37.42150         7.49483     -1500.76834         0.41476        -0.07504        -0.30551         0.52057           0
        2324       -42.52348         3.25995     -1499.67575         1.23959        -1.28240        -3.89259         4.28175           0
        2337       -39.74325         4.47087     -1499.87358        -0.71280         0.11548       -17.15967        17.17486           0
        2339       -40.73685        -6.88148     -1501.41722         0.98738         0.30653        -2.62514         2.82139           0
        2414       -43.11893        -1.75552     -1499.63338         0.69177        -0.00326        -2.00083         2.11705           0
        2426       -35.74541        -5.71255     -1500.15804        -0.19329        -0.14332        -8.43998         8.44341           0
        2435       -37.64454        -7.49956     -1501.12380        -0.09941         0.49518        -0.03259         0.50611           0
        2457       -36.64783        -3.88875     -1500.09383        -0.02913        -0.03013        -0.88615         0.88714           0
        2463       -36.46633        -3.90907     -1500.10675        -0.12581        -0.04822        -3.90979         3.91211           0
        2509       -40.83290         3.63193     -1499.79604        -5.40842         0.70541      -124.70496       124.82418           0
        2526       -43.07637        -5.17571     -1499.84237         4.45684         2.61560        -7.30495         8.94803           0
        2564       -36.23278        -2.88003     -1500.12336        -1.08374        -1.42867        -6.09474         6.35307           0
        2564       -36.13539         2.97970     -1500.13029         0.26844        -0.87958        -0.63750         1.11899           0
        2638       -40.96631        -0.57168     -1499.78655         0.50104        -0.31439        -0.39287         0.71009           0
        2641       -39.85480        -4.74467     -1499.86564        -0.21796        -0.12213        -6.97840         6.98287           0
        2641       -39.24247        -3.32828     -1499.90921        -0.19426        -0.09226        -6.52451         6.52806           0
        2663       -34.35323        -6.10951     -1500.25710        -0.23401        -1.00526        -1.73414         2.01806           0
        2667       -39.95098         2.04546     -1499.85880        -2.20084         0.09235       -64.44989        64.48752           0
        2705       -41.57290         0.30294     -1499.74339        -0.04546         0.01107        -1.20288         1.20379           0
        2711       -36.32485         2.12519     -1500.11681        -0.16124         0.01233        -4.46764         4.47057           0
        2755       -38.23931        -6.01981     -1499.98059        -0.03773        -0.04074        -1.38120         1.38232           0
        2762       -33.74551         2.43530     -1500.30035        -0.19213         0.00543        -6.36381         6.36671           0
        2767       -39.34265        -4.82720     -1499.90208        -1.57861         0.51474        -6.87784         7.07542           0
        2768       -43.18954         1.63329     -1499.62836        -0.70198         0.01275       -14.97259        14.98905           0
        2801       -42.21571        -0.65448     -1499.69765         0.09145        -0.08860        -0.21988         0.05969          -1
        2801       -41.58310        -1.02154     -1500.92022         0.15161        -0.07423        -0.18679         0.05865          -1
        2801       -31.80985        -2.19355     -1502.44313         0.22004        -0.02624         0.01401         0.04616          -1
        2801       -41.58310        -1.02154     -1500.92022         0.01057        -0.01912         0.01595         0.00072          -1
        2801       -31.77470        -0.74153     -1500.44058        -5.57232        -0.99789       -48.64093        48.96924           0
        2942       -31.71605         1.64188     -1500.44475         0.31637        -0.70674        -0.47595         0.90890           0
        2955       -36.77549         4.52225     -1500.08475        -1.21359         0.31818       -58.39583        57.90054           1
        2955       -34.26340         5.53663     -1500.26349        -0.00266         0.00090        -0.16646         0.16648           0
        2955       -39.11240         0.22596     -1499.91847        -0.11509        -0.03005        -4.14823         4.14993           0
        2999       -32.62022        -0.11512     -1500.38041        -0.32813         0.05750       -13.46663        13.47075           0
        3035       -43.03429         0.47703     -1499.63941        -1.03062        -0.44428        -2.25922         2.52262           0
        3061       -43.79148         3.43498     -1499.58553         0.54739        -0.02727        -0.64040         0.84291           0
        3061       -44.69632        -2.83941     -1501.27976         0.83645        -0.69476        -1.47052         1.82887           0
        3062       -34.41995         2.70719     -1500.25236        -0.03155         0.01883        -1.71902         1.71941           0
        3098       -32.52380        -4.58548     -1500.38728        -0.00060         0.00279        -0.17002         0.17004           0
        3107       -42.34836        -0.04039     -1499.68821        -0.47192        -0.00582        -9.79113         9.80250           0
        3181       -30.17807         0.36904     -1500.55418        -0.11163         0.30901       -13.38264        13.38667           0
        3183       -35.30205         0.61503     -1500.18959        -0.15634         0.00401        -7.42873         7.43038           0
        3187       -37.63418        -2.74102     -1500.02365         0.06164         0.02332        -0.40379         0.40914           0
        3187       -32.55316        -4.08683     -1500.38519         0.27571        -0.43120        -1.79640         1.86789           0
        3193       -32.34651        -1.04598     -1500.39989        -0.19421        -0.00357        -6.83937         6.84213           0
        3201       -33.18101         4.67805     -1500.34051        -0.47179         0.09909       -20.52842        20.53408           0
        3201       -35.11622         6.80263     -1500.20281        -0.49434         0.17721       -17.91310        17.92080           0
        3213       -37.40330         1.56650     -1500.04008         0.72791         0.05543        -2.51573         2.61951           0
        3213       -37.34058        -3.60272     -1500.04454         0.22803        -0.03169        -0.73267         0.76799           0
        3222       -44.12126         0.98821     -1499.56206        -0.07348         0.00217        -1.61549         1.61716           0
        3245       -34.31601        -6.13438     -1500.25975        -0.47177        -1.60182        -5.40245         5.16668           1
        3274       -41.45035         1.71576     -1499.75211         0.30870         0.34269        -4.09012         4.11604           0
        3290       -44.76820        -0.36606     -1499.51603        -1.03197         0.32653        -1.00429         1.47655           0
        3349       -37.46799         3.58553     -1500.03547         0.02693        -0.09404        -1.86986         1.87241           0
        3350       -32.23992        -1.87376     -1500.40747         4.37668        -1.00623       -14.64566        15.31872           0
        3352       -34.39885        -4.77725     -1500.25386        -2.05281        -1.25259        -2.89675         3.76486           0
        3360       -33.73573        -6.07369     -1500.30104         1.91631         1.28122        -7.93228         7.76523          -1
        3360       -37.72010        -7.12310     -1500.01753        -0.24322         0.11111        -0.43545         0.51100           0
        3360       -36.84379        -7.44504     -1501.49603        -0.04157         0.05746        -0.08899         0.11379           0
        3360       -36.37916        -7.26363     -1500.11295        -0.06732         0.06052        -1.08694         1.09070           0
        3360       -38.81683        -7.29084     -1499.93950        -0.63922         0.02938        -0.52883         0.83013           0
        3373       -40.12127        -2.94588     -1501.85174         0.13569        -0.37047         0.32475         0.51100           0
        3373       -39.14591         7.36176     -1500.88475        -0.08589        -2.03335        -2.93881         3.10004          -1
        3373       -39.14973         7.36076     -1500.86607         0.10602        -0.04848        -0.01731         0.11785           0
        3373       -36.08088        -5.98561     -1500.13417        -0.09017        -0.07756        -3.82838         3.83022           0
        3414       -38.15082         0.97600     -1499.98689        -0.27076         0.01042        -6.96693         6.97219           0
        3420       -37.07755         0.51438     -1500.06326        -0.19965         0.00425        -5.32530         5.32904           0
        3421       -35.61686        -0.53964     -1500.16719         0.05798         0.27934        -0.39420         0.48661           0
        3436       -33.93825         0.93463     -1500.28663        -0.02427         0.11829        -5.66330         5.66459           0
        3445       -37.65648        -4.28625     -1500.02206        -0.37628        -0.20468       -11.93449        11.94217           0
        3448       -40.79201        -5.39274     -1499.79895        -0.20092        -0.03866        -4.65983         4.66432           0
        3452       -39.00596         4.95511     -1499.92604         0.38380        -0.30768        -2.62154         2.66729           0
        3452       -39.85535         1.57150     -1499.86560         0.22193        -1.28086        -2.88392         3.16336           0
        3468       -42.36801         2.96108     -1499.68681        -3.19236         0.60099        -4.82236         5.81442           0
        3468       -40.73943        -6.35033     -1499.80270        -0.34417        -0.18033        -0.58843         0.70514           0
        3485       -34.63805         1.61237     -1500.23684        -0.00859         0.01135        -0.42503         0.42527           0
        3503       -35.61177         4.94029     -1500.16755        -0.19701         0.06735        -7.63845         7.64129           0
        3503       -34.76342         0.61054     -1500.22792        -0.02295        -0.00096        -0.93882         0.93910           0
        3518       -37.36071         2.95602     -1500.04311        -0.19417         0.02313        -4.98491         4.98875           0
        3534       -31.60796         3.47857     -1500.45244        -0.24310         0.07845       -10.92198        10.92496           0
        3546       -33.88113         0.86051     -1500.29069        -0.09627         0.00382        -2.95051         2.95208           0
        3569       -38.30321        -2.35714     -1499.97604        -0.13392        -0.01712        -3.53364         3.53622           0
        3637       -41.22824        -5.56786     -1499.76791        -0.30908        -0.05943        -7.05835         7.06536           0
        3676       -40.03610         6.07975     -1499.85274         6.17912         6.63821       -14.73265        17.30024           0
        3702       -38.82947        -5.63246     -1499.93860        -0.60965        -0.14857       -14.83543        14.84869           0
        3729       -35.99839        -7.28599     -1501.90825        -0.23011         0.00078        -0.11515         0.06113          -1
        3747       -44.18029        -1.62710     -1499.55786        -3.14827         7.39702       -15.15129        17.15194           0
        3768       -31.53956        -4.11088     -1500.45731         0.34232        -0.39002        -0.47266         0.70193           0
        3774       -41.75333         5.09872     -1499.73055        -1.04532         0.63229       -33.86312        33.88515           0
        3774       -38.66121         1.36337     -1499.95057        -0.00467         0.00186        -0.20303         0.20310           0
        3796       -30.80369        -0.67160     -1500.50967        -0.03937         0.00380        -1.35179         1.35237           0
        3815       -42.22504        -2.69533     -1499.69699        -0.62131         0.15660        -3.93569         3.98751           0
        3828       -32.86046        -1.85966     -1500.36332         0.35465        -0.09762        -0.35470         0.51100           0
        3858       -32.35231         5.27996     -1500.65129        -0.46315        -0.09432        -0.01777         0.47299           0
        3858       -32.25353         5.12425     -1501.37597        -0.36056        -0.08201        -0.03762         0.37168           0
        3930       -39.66582        -0.61839     -1499.87909         0.45648        -0.06053        -1.72696         1.78729           0
        3930       -35.19