          21       -39.88285         0.81327     -1499.86364        -0.21132         0.00620        -5.06809         5.07250           0
          36       -38.50711        -1.15990     -1499.96154        -0.09831         0.01963        -3.72191         3.72326           0
          46       -36.76882        -5.27125     -1500.08522        -1.20946        -1.22258      -124.34347       123.84541          -1
          46       -36.92678        -4.61327     -1500.07398        -0.81723        -0.14761       -57.06164        57.06768           0
          57       -39.00504         3.46829     -1499.92611        -0.53332        -0.16096        -1.98386         2.06059           0
          87       -41.23667         4.54690     -1499.76731        -0.02190         0.00778        -0.75984         0.76019           0
          98       -32.98099        -5.23563     -1500.35474        -0.15120        -0.07608        -6.26488         6.26716           0
          99       -35.65039         0.99020     -1500.16480        -0.14964         0.00651        -4.24228         4.24492           0
         183       -36.10389         6.99714     -1500.13254         0.12977         0.36234        -0.33614         0.51100           0
         183       -40.62815        -6.57793     -1499.81061         0.22255        -0.06327        -0.95199         0.97970           0
         189       -32.38077         2.96531     -1500.39745        -1.77413         1.10503        -5.77502         5.65184          -1
         286       -37.40058        -5.04950     -1500.04027        -0.42877        -0.08631       -11.29501        11.30347           0
         310       -31.56502         1.61112     -1500.45550        -0.06773         0.01868        -2.96136         2.96220           0
         310       -38.01807         3.06799     -1499.99633         1.06153         0.32304        -2.77712         2.52293           1
         310       -39.29166         3.12326     -1499.90571        -0.33917         0.58741        -1.11260         1.30306           0
         310       -36.77825        -6.16632     -1500.08455        -0.31954         0.12825        -0.42550         0.54736           0
         310       -34.63728        -6.73121     -1500.23689        -0.42035         0.39610        -2.81404         2.87270           0
         341       -40.22494         3.01951     -1499.83930        -0.00130         0.00334        -0.13040         0.13045           0
         347       -32.80918         5.56141     -1500.36697        -0.00083         0.00025        -0.06094         0.06094           0
         374       -41.02598         5.59967     -1499.78231        -1.58678         0.51477       -35.40226        35.44154           0
         385       -41.44712        -4.47034     -1499.75234         1.18615        -0.85999        -8.11336         8.24459           0
         413       -34.07056        -3.14779     -1500.27722        -0.09135        -0.01324        -2.77577         2.77731           0
         449       -40.60597         2.43222     -1499.81219        -0.58353         0.05079       -13.62972        13.64230           0
         471       -38.43221         5.28860     -1499.96686        -0.84642         0.17255       -21.42912        21.44653           0
         481       -36.12065        -0.58471     -1500.13134        -1.99395         0.04421       -57.29760        57.33230           0
         492       -44.80663         2.19613     -1499.59614         0.69831         0.27837        -1.50023         1.67804           0
         502       -40.78339        -1.64559     -1499.79957         2.06605         1.09640        -3.31378         4.05608           0
         539       -33.55866         3.22115     -1500.31364        -0.56661         0.24385        -0.45458         0.76626           0
         590       -36.05512         6.61032     -1500.13601        -0.00078         0.00024        -0.04580         0.04581           0
         621       -33.13316        -2.57307     -1500.34392         0.73799        -0.85507        -2.76425         2.98611           0
         621       -42.58928        -0.85134     -1499.67107        -4.13655         1.55309        -6.38732         7.27245          -1
         624       -36.56656        -0.31772     -1500.09961        -0.04067        -0.39299        -9.50191         9.51012           0
         630       -39.87781         5.54426     -1499.86400         0.38695        -1.45183        -9.21287         9.33458           0
         644       -34.08420        -3.68025     -1500.27625        -0.15102         0.04108        -7.33228         7.33395           0
         647       -39.43463         5.45472     -1499.89554        -0.40126         0.23064       -14.95769        14.96485           0
         679       -38.62385        -1.65528     -1499.95323        -0.22834         0.04615        -5.82193         5.82659           0
         682       -37.69988         5.38136     -1500.01897        -0.71216         0.40746        -1.43029         1.64892           0
         692       -40.80270         0.14966     -1499.79819        -0.60441        -0.05565       -15.85314        15.86476           0
         692       -32.14425        -2.46268     -1502.41934         0.23960        -0.06284         0.21768         0.32976           0
         694       -34.53089        -1.07129     -1500.24446         0.13778         0.06339        -0.48797         0.51100           0
         694       -39.82857        -2.15859     -1499.86751         0.29004         0.39618        -2.52144         2.56880           0
         694       -43.98122        -2.71107     -1499.57203         0.12472         0.35497        -0.80126         0.88519           0
         694       -42.92498        -4.73037     -1499.64718         0.56164         0.64853        -1.21794         1.48977           0
         694       -42.79007        -3.00224     -1499.65678         0.83431         1.52314        -1.70128         2.43113           0
         694       -41.52490        -0.32718     -1499.74681         0.20022         0.17712        -0.43550         0.51100           0
         724       -42.85681         3.01499     -1499.65203        -4.36357         1.18004      -130.06350       129.63203          -1
         755       -42.59948        -3.93548     -1499.67034        -0.07125        -0.00938        -1.55203         1.55370           0
         802       -42.57515        -2.57582     -1499.67208        -1.56480        -0.16540       -32.70351        32.74134           0
         858       -36.51096         2.68636     -1500.10357         0.00347         0.00894        -0.12231         0.12268           0
         886       -31.14534         0.33223     -1500.48536        -0.59327         0.00920       -20.85106        20.85950           0
         910       -37.12234         0.01774     -1500.06007        -1.55741         0.00017       -41.53804        41.56722           0
         943       -38.23593        -1.62263     -1499.98083         0.12498        -0.13966        -3.29518         3.30050           0
         962       -42.82128        -1.99175     -1499.65456        -1.06949         0.52526        -0.86181         1.47052           0
         969       -37.23441        -0.90585     -1500.05209        -0.09360        -0.01577        -2.69786         2.69953           0
        1000       -40.60407         6.52261     -1499.81233         0.79501        -5.19235        -3.64539         5.90325          -1
        1000       -41.73990         3.03885     -1501.73656        -0.06677         0.20515         0.22681         0.31303           0
        1016       -35.24149         4.82702     -1500.19390        -1.73924         0.36968       -50.15058        50.18209           0
        1036       -31.30252         3.81985     -1501.78801        -1.78808        -0.11064        -1.96369         2.19578          -1
        1063       -31.32059         0.40945     -1500.47289         0.83199        -0.11054        -1.07890         1.36691           0
        1090       -45.20458         0.60799     -1500.90494         0.27764        -0.61542        -0.01183         0.33581           1
        1140       -42.70642         3.33371     -1499.66273        -0.13930         0.01525        -3.01225         3.01551           0
        1161       -42.73417         2.24374     -1499.66076        -0.39200        -0.00881       -10.37181        10.37922           0
        1162       -41.56815        -4.19640     -1499.74373        -2.65721         0.28088       -61.19441        60.74385           1
        1164       -43.05778        -4.53221     -1499.63773         0.36764        -0.09318        -0.40119         0.55208           0
        1164       -41.94717        -3.16726     -1499.71676         1.48808        -0.66322        -3.07460         3.47957           0
        1164       -45.20788         0.40444     -1500.75729         0.43310        -0.08791        -0.25655         0.51100           0
        1164       -43.21412         1.42747     -1499.62661        -0.79202         0.31629        -0.28085         0.89789           0
        1196       -42.25902        -2.96674     -1499.69457        -0.10655         0.00618        -2.81977         2.82179           0
        1216       -36.35227        -6.49070     -1500.11486        -0.01140        -0.05114        -2.20029         2.20092           0
        1219       -38.49506        -2.07034     -1499.96239        -0.14494        -0.04753        -4.60559         4.60812           0
        1252       -41.91106        -2.16506     -1499.71933        -0.21666        -0.02318        -5.39836         5.40276           0
        1270       -38.63553        -4.98096     -1499.95240        -0.08875        -0.00619        -2.32010         2.32180           0
        1270       -30.77752        -2.64501     -1500.51153        -0.27785        -0.20263       -13.41566        12.91880          -1
        1270       -40.98535        -0.75621     -1499.78520        -0.04292        -0.00110        -0.98773         0.98867           0
        1308       -36.35996        -0.15838     -1500.11431        -0.42828         0.00945       -15.62392        15.62980           0
        1334       -41.32006         0.61180     -1499.76138        -0.41591         0.00603        -9.43093         9.44010           0
        1338       -34.85613        -5.60521     -1500.22132        -0.18524        -0.04535        -7.09844         7.10100           0
        1371       -35.34700        -6.11832     -1500.18639        -0.10437        -0.02645        -5.28347         5.28457           0
        1371       -31.11238        -1.36909     -1500.48770        -0.03544        -0.20339       -35.04100        34.53434          -1
        1407       -41.59557         4.20851     -1499.74178        -0.02937         0.00410        -0.74502         0.74561           0
        1473       -36.00117        -5.58420     -1500.13984        -0.52644        -0.10421       -22.60877        22.61513           0
        1473       -34.74439         1.64477     -1502.23433         0.07783         0.51866         0.78451         0.94367           0
        1530       -43.36092        -1.85032     -1499.61616         0.33874        -0.24128        -0.29691         0.51100           0
        1530       -44.13330        -3.57644     -1499.56121         0.15524        -0.42094        -0.24460         0.51100           0
        1530       -33.30497        -5.86512     -1500.33169         0.51892         0.76341       -14.61999        14.14701          -1
        1613       -42.09369         1.17792     -1499.70633        -0.77709         0.03002       -17.23075        17.24829           0
        1630       -33.80773        -2.76050     -1500.29592         0.31690         0.87789        -0.87498         1.27934           0
        1703       -44.33573        -3.22289     -1499.54680        -0.01326         0.28066        -0.43787         0.52026           0
        1711       -35.72869        -1.82800     -1500.15923        -0.59139        -0.04584       -16.69960        16.71013           0
        1730       -33.46579         4.09001     -1500.32025        -0.16559         0.01333        -5.55550         5.55799           0
        1741       -34.47189        -5.60861     -1500.24866        -0.22567         0.05932        -0.40575         0.46806           0
        1752       -39.84667         4.31947     -1499.86622        -0.00256        -0.00067        -0.21817         0.21819           0
        1835       -37.45825        -5.23043     -1500.03617        -0.17890         0.24765        -0.56459         0.64195           0
        1853       -34.95843         1.40793     -1500.21404        -0.89696         0.83561       -50.03976        50.05477           0
        1858       -38.38660        -0.88549     -1499.97011        -0.13812        -0.00489        -3.50556         3.50828           0
        1878       -30.71312        -1.22283     -1500.51611         0.73732        -0.34978        -1.05657         1.33504           0
        1883       -42.47946         2.32135     -1499.67888        -0.35787         0.01401        -7.41518         7.42382           0
        1899       -37.78161         6.63485     -1500.01316        -0.78451         0.43372        -0.74013         1.16248           0
        1899       -43.00336        -1.96658     -1499.64161         0.11777         0.50875        -1.58618         1.23537          -1
        1914       -37.81879        -5.78856     -1500.01051        -0.08812        -0.04761        -3.01236         3.01402           0
        1923       -39.77581         6.56943     -1499.87126        -0.56570         0.39429       -21.66591        21.67688           0
        2002       -32.87306        -5.38016     -1500.36242        -0.61530         0.12042        -0.87387         1.07552           0
        2002       -32.04785        -2.37323     -1500.42114        -2.30069        -2.86301       -20.26185        20.59205           0
        2016       -33.30802        -6.00880     -1502.27156        -5.75985        11.19977       -12.73772        17.40886          -1
        2016       -39.89816         4.19792     -1501.86761         0.10755         0.56617         1.11943         0.84781          -1
        2016       -31.02122         0.34170     -1500.49419         0.42308        -2.69179       -15.85720        16.08961           0
        2016       -33.94418         1.60428     -1500.28621        -0.11679        -0.38276        -2.76056         2.78941           0
        2016       -30.86030         3.00134     -1500.50564         0.17011        -0.70251        -6.78610         6.82449           0
        2016       -36.50434         2.59601     -1502.10910        -0.08615         0.01066         0.12029         0.14834           0
        2030       -31.91961         2.91703     -1500.43027        -0.14711         0.08919       -16.35595        16.35686           0
        2056       -35.99162        -0.49106     -1500.14052        -0.19926        -0.05702        -7.91360         7.91632           0
        2095       -34.33159         2.40825     -1500.25864         0.29685        -2.30727        -6.96676         7.34489           0
        2115       -40.12975        -4.52868     -1499.84608        -0.62077        -0.11030       -16.12471        16.13703           0
        2139       -37.87684         6.65260     -1500.00638        -0.06060         0.01871        -1.54394         1.54524           0
        2189       -41.38887        -1.03226     -1499.75648         0.41807        -0.03559        -1.91129         1.95680           0
        2196       -35.47177         7.02052     -1500.17751        -0.01530         0.01592        -0.69539         0.69575           0
        2238       -37.55520        -3.35369     -1500.02927        -0.47863         0.10525        -0.14477         0.51100           0
        2239       -37.58594         7.48576     -1500.02708        -1.35072         1.41220       -54.06692        54.10222           0
        2245       -40.55779        -2.13767     -1499.81562        -0.00359         0.00009        -0.16117         0.16121           0
        2288       -32.11489         3.50968     -1500.41637         0.65647         0.66143        -1.28449         1.58693           0
        2289       -38.43970        -2.31050     -1499.96633         0.03567        -0.11172        -0.43608         0.45158           0
        2354       -42.61628        -0.99125     -1499.66915         1.62242         0.08740        -3.60532         3.95451           0
        2369       -31.79134        -3.01587     -1500.43939        -0.03227        -0.01353        -2.40089         2.40115           0
        2402       -41.12746        -0.37218     -1499.77509        -0.38764        -0.00502        -8.89408         8.90252           0
        2550       -33.10045        -1.07030     -1500.34624       -10.38924         6.08138       -94.15870        94.41551           1
        2550       -32.87422        -0.46133     -1500.36234        -0.03952         0.02978        -0.37977         0.38298           0
        2550       -32.62520        -1.89241     -1500.38006        -0.06665         0.03201        -0.67346         0.67750           0
        2550       -34.41718        -3.49510     -1500.25255        -0.41979         0.04166        -3.06071         3.08965           0
        2605       -34.65146         4.73180     -1500.23588        -0.01482         0.01306        -1.40128         1.40142           0
        2694       -36.54816        -4.87736     -1500.10092        -0.02607        -0.01979        -1.79249         1.79279           0
        2724       -41.07543         3.77449     -1499.77879        -0.88684         0.15931       -20.70961        20.72921           0
        2731       -32.68476         2.05220     -1500.37582         0.12078        -0.13135        -0.11955         0.21479           0
        2742       -33.53468        -1.07555     -1500.31535         4.34000        -2.35398       -37.58011        37.39549          -1
        2756       -37.14870         3.97023     -1500.05819         0.41698         0.27771        -0.78128         0.92811           0
        2756       -41.25660         1.14314     -1499.76590         0.31172         0.23423        -0.80015         0.89009           0
        2793       -33.17917        -3.98597     -1500.34064        -0.93282        -0.39364       -52.21851        52.22832           0
        2828       -43.65507        -4.63509     -1501.37619         0.21197         0.21340        -0.23355         0.38081           0
        2828       -38.02573        -1.86349     -1499.99579         0.46164         0.35880        -0.38872         0.70210           0
        2846       -40.66237         0.95315     -1499.80818        -0.28201         0.00963        -6.57811         6.58416           0
        2902       -39.21061         6.49778     -1499.91148        -0.30180         1.04512        -1.53266         1.87947           0
        2904       -39.07338         0.36283     -1499.92124         0.18367         0.19218        -0.43641         0.51100           0
        2940       -41.83702         6.30685     -1501.71466         0.12610        -0.14929        -0.49613         0.53323           0
        2967       -36.47163         7.16122     -1500.10637        -0.04842         0.03328        -1.48400         1.48517           0
        2969       -35.72035        -5.93686     -1500.15983         0.06106         0.05539        -0.50431         0.51100           0
        2997       -36.53115        -0.65686     -1502.10719        -0.05717        -0.01924         0.20820         0.21677           0
        2997       -38.90874         4.49049     -1499.93296        -0.49595        -1.88051        -1.31368         1.89091          -1
        3005       -30.30061        -1.28145     -1500.54547        -0.88382         0.61583        -4.15462         4.29200           0
        3009       -37.43385        -4.64686     -1500.03790         0.66858         0.74754        -2.11297         2.33890           0
        3033       -33.46174         3.79527     -1500.32054        -0.07989        -0.05342        -4.63154         4.63254           0
        3051       -39.84643         2.16065     -1499.86624        -0.02446         0.00405        -0.69242         0.69287           0
        3116       -40.41024        -1.20681     -1499.82612        -0.01440        -0.00379        -0.39549         0.39577           0
        3116       -35.43016        -0.97944     -1500.18047         1.84734         3.36946       -12.66806        13.23804           0
        3143       -42.67866        -4.55267     -1499.66471        -0.59864        -0.09450       -12.86039        12.87467           0
        3151       -39.63247         3.98586     -1499.88146        -0.47493         0.06850       -11.44998        11.46003           0
        3167       -42.03915        -1.14547     -1499.71021        -0.22184         0.79600        -7.45196         7.49764           0
        3167       -39.08804         7.11896     -1501.92526         0.08169         0.12008         0.07795         0.16483           0
        3197       -41.06831        -0.82901     -1499.77929         0.48202         0.57773       -78.37875        78.38236           0
        3212       -40.74705        -1.97428     -1499.80215        -1.60150         3.73958        -1.39173         3.81882           1
        3212       -39.57817        -5.91351     -1499.88532        -0.33091         0.44095        -0.61363         0.82491           0
        3212       -39.13042        -5.49973     -1499.91718         0.00135        -0.06066        -0.12252         0.13672           0
        3248       -39.84321        -6.36331     -1499.86647        -0.22321        -0.05630        -5.39540         5.40031           0
        3258       -35.62243         6.25703     -1500.16679        -0.05486         0.01503        -1.55279         1.55383           0
        3275       -32.11286         3.14801     -1500.41652        -1.56723         1.08731        -4.83537         5.19800           0
        3275       -35.84079        -5.59203     -1500.15126        -0.46190         0.36634        -1.74466         1.84157           0
        3275       -37.50794        -7.06827     -1500.03263         0.09592        -0.10520        -2.27048         2.27494           0
        3285       -43.26634         1.25237     -1499.62289        -0.18596        -0.01804        -3.95387         3.95828           0
        3324       -39.38279        -4.07489     -1499.89923        -0.43626        -0.06886        -9.95858         9.96836           0
        3360       -33.32609        -3.55583     -1500.33019         0.06887        -0.16142        -0.52754         0.55597           0
        3397       -44.49187         2.44555     -1499.53569        -0.14491         0.01095        -2.97613         2.97968           0
        3466       -39.39060         3.02005     -1499.89867         0.57609        -0.92100       -20.43726        20.46611           0
        3466       -39.71230         5.20279     -1499.87578         0.22168         0.05075       -11.18982        11.19213           0
        3466       -32.48401         5.40819     -1500.66723        -0.27385        -0.49168        -1.31909         1.43414           0
        3466       -33.42530         6.13430     -1501.48091        -0.49909        -0.26781        -1.43283         1.54072           0
        3466       -37.90781         3.16213     -1500.00418         0.15961        -0.10922        -2.63369         2.64078           0
        3466       -40.99571         4.32957     -1499.78446        -0.12936        -0.25022       -16.22235        16.22479           0
        3466       -40.38638         4.90299     -1499.82782         0.01822        -0.01104        -3.59326         3.59333           0
        3475       -43.04168        -4.23148     -1499.63888        -0.03156        -0.00495        -0.82585         0.82647           0
        3487       -34.78469        -6.51533     -1500.22640        -0.90264        -0.41705       -27.27466        27.29278           0
        3548       -39.65904         2.35466     -1499.87957        -1.27051        -0.41776       -42.09920        41.61253           1
        3551       -42.97183        -0.41969     -1499.64385         0.04871         0.12949        -1.18548         1.19353           0
        3551       -38.61438        -1.28686     -1499.95390         0.07883         0.30632        -0.36780         0.48510           0
        3551       -37.64548         4.10505     -1500.02284         0.92359         1.77760        -7.53881         7.80042           0
        3644       -37.91109         4.58220     -1500.00394        -0.33193         0.06370        -8.52200         8.52870           0
        3662       -32.89935         0.27421     -1500.36055        -0.20665         0.00371        -6.85448         6.85759           0
        3690       -36.89656         4.75361     -1500.07613        -0.02368         0.00203        -0.91531         0.91561           0
        3706       -39.31391        -3.70197     -1499.90413        -0.26551         0.87839        -1.01634         1.36931           0
        3730       -39.95990        -3.73970     -1499.85816        -0.17442        -0.05123        -4.90533         4.90870           0
        3735       -39.10925        -0.81072     -1499.91869        -0.69144         0.12532       -20.73653        20.74843           0
        3774       -39.78493         1.29897     -1499.87061        -0.31450        -0.02147        -8.20486         8.21091           0
        3817       -41.18985         4.20926     -1501.77570         0.15803         0.07683         0.47984         0.51100           0
        3817       -45.18018         0.48549     -1501.49177         0.24844         0.55508         0.69347         0.54344           1
        3833       -31.33727         0.36182     -1500.47170         0.02454        -0.39993        -1.32364         1.38296           0
        3937       -41.53529         1.25611     -1499.74607         0.14797        -1.22143        -2.46989         2.75938           0
        3977       -38.42043        -0.14994     -1499.96770        -0.08632        -0.00001        -2.35605         2.35763           0
        4007       -36.13198        -3.63288     -1500.13054        -0.31256        -0.03777        -7.90750         7.91376           0
        4011       -40.38023         3.13613     -1499.82825        -2.80227         0.31407       -65.95229        66.01254           0
        4014       -38.49695        -1.07694     -1499.96226         0.37374         0.10074        -1.25259         1.31103           0
        4027       -30.93283        -0.11244     -1500.50048        -0.79419         0.20310       -35.62606        35.63549           0
        4037       -41.92673         3.10836     -1499.71821         3.50216         2.56166        -5.81240         7.25336           0
        4090       -38.15583         6.22389     -1499.98653        -1.12141         0.27101       -28.83245        28.85552           0
        4090       -40.38119         5.11102     -1501.83324        -0.18269        -0.17177         0.44524         0.51100           0
        4129       -44.03827        -4.03861     -1500.79464         0.18046         0.24672        -0.53628         0.61728           0
        4144       -43.89776        -0.25173     -1499.57797        -0.07822        -0.00071        -1.63189         1.63377           0
        4154       -31.75840        -3.45018     -1500.44174        -0.15153        -0.04072        -6.31944         6.32139           0
        4186       -32.50173         3.71581     -1500.38885        -0.39663         0.09978       -13.55257        13.55874           0
        4193       -36.83997         0.76307     -1500.08016        -0.47277         0.01464       -12.74277        12.75155           0
        4213       -36.33807         4.50459     -1500.11587        -0.00122         0.00166        -0.10535         0.10537           0
        4273       -36.97863        -5.20832     -1500.07029        -0.52704         0.76727        -2.48067         2.64957           0
        4274       -30.35662        -0.40023     -1500.54148         5.06927         1.71746        -4.60125         6.56571           1
        4274       -30.26171        -0.67410     -1501.46539        -0.42174        -0.20485        -0.20320         0.51100           0
        4274       -36.23023        -2.79037     -1500.12355         7.79556         1.91942       -12.26158        14.15401          -1
        4274       -38.17335        -5.49718     -1499.98528         0.11215        -0.02340        -0.24758         0.27280           0
        4305       -40.32338         0.07774     -1499.83230        -0.38043         0.00114        -8.97686         8.98492           0
        4323       -31.55158        -3.85533     -1500.45645        -0.22267        -0.10342        -8.97958         8.98294           0
        4326       -34.87402         5.06333     -1500.22005        -0.53807         0.50520        -3.15977         3.24482           0
        4425       -39.01411         6.50392     -1499.92546         0.94812         3.18836       -12.45640        12.89289           0
        4483       -41.92758         2.63193     -1499.71815        -0.18716         0.01723        -4.18327         4.18749           0
        4499       -36.51679         7.40602     -1500.80637        -0.16089        -0.42956        -0.19769         0.49949           0
        4512       -39.63919        -6.54371     -1499.88098         0.10444        -0.33086        -0.32069         0.47246           0
        4512       -40.49384         2.80475     -1499.82017         0.15317        -0.10422        -0.60636         0.63403           0
        4512       -40.57844         3.46614     -1499.81415         0.12460        -0.05729        -0.50814         0.52632           0
        4615       -41.56478        -5.47568     -1499.74397         0.03513        -5.27593        -3.12920         5.64446           1
        4668       -43.69833         0.47782     -1499.59216        -0.23130         0.00161        -4.80139         4.80696           0
        4669       -31.93060         3.49984     -1500.42948        -1.63386         0.32343        -2.20646         2.76452           0
        4669       -36.57046         6.13039     -1500.09934         0.39836         0.29170        -2.61660         2.66277           0
        4669       -38.51106         4.79163     -1499.96125         0.82377         0.63847        -8.02461         8.09201           0
        4669       -38.18072         5.88286     -1499.98476         0.13087         0.12465        -1.17316         1.18700           0
        4669       -37.43783         6.24452     -1500.03762         0.80562         0.71335        -6.19978         6.29247           0
        4671       -35.16573        -3.23186     -1500.19929        -0.47645        -0.07081       -13.65440        13.66289           0
        4706       -35.14361         2.32375     -1500.20086        -0.02680         0.01058        -1.12883         1.12919           0
        4788       -44.68591        -2.63823     -1500.02140         3.75442        -1.72676        -1.43363         4.37409           0
        4805       -33.92766        -3.49878     -1500.28738        -0.61895        -0.21341       -31.84169        31.34152           1
        4854       -35.36519         6.41281     -1500.18510        -0.73931         0.14010       -21.58144        21.59456           0
        4854       -38.24560         3.76821     -1499.98014        -0.37550        -0.79040        -1.88006         2.07373           0
        4877       -35.81851        -6.50738     -1500.15284        -1.49178        -1.64250        -1.11008         2.48103           0
        4925       -31.64493        -2.78547     -1500.44981        -0.18782        -0.02714        -6.42738         6.43018           0
        5049       -43.98055        -0.79375     -1499.57207        -0.08361        -0.01097        -1.84376         1.84568           0
        5061       -33.68177        -2.22969     -1500.30488        -0.10781        -0.01122        -3.35246         3.35421           0
        5067       -31.13054        -0.64063     -1500.48641        -0.01782        -0.03551        -2.18307         2.18343           0
        5067       -40.71483         0.44302     -1499.80445        -0.43400        -0.19614       -14.23966        14.24762           0
        5098       -42.07128         3.98842     -1499.70793        -0.10567         0.03214        -4.38706         4.38845           0
        5107       -37.58904        -1.29882     -1500.02686        -1.10773        -0.05682       -28.97637        28.99759           0
        5151       -38.10982         1.07326     -1499.98980         0.40050        -1.83909        -3.19928         3.71188           0
        5153       -35.72355         1.82275     -1500.15960         0.20252        -0.49873        -0.69780         0.88129           0
        5161       -40.34648         1.46751     -1499.83066         0.16131         0.05699        -0.92897         0.94460           0
        5174       -37.01863        -0.72508     -1500.06745        -0.65305         0.09792       -18.42438        18.43621           0
        5174       -42.94636         3.00439     -1501.65072        -0.54706         0.38739         1.13138         1.31506           0
        5176       -34.64104        -1.90743     -1500.23662         0.30346         0.18521        -0.97165         1.03465           0
        5187       -36.29219         6.46277     -1500.11914        -0.30148         0.08357        -5.46605         5.47500           0
        5225       -31.56167         3.46925     -1500.45574         1.53177         0.13749        -3.36956         3.70394           0
        5237       -42.18910         2.26619     -1499.69954         0.03235        -0.01796        -0.40817         0.40984           0
        5237       -44.61891         2.87806     -1500.41626         0.01792         0.02928        -1.14099         1.14151           0
        5237       -43.27520         4.14622     -1501.62732         0.04640         0.16629         0.11425         0.20702           0
        5241       -39.46765         2.78903     -1499.89319        -0.14662         0.01631        -3.57328         3.57632           0
        5277       -42.16852         3.29769     -1499.70101        -0.01310         0.00518        -0.34591         0.34619           0
        5324       -32.73511         4.19903     -1500.37224        -1.09126         1.06807       -73.32629        72.83297           1
        5335       -40.52715        -5.61537     -1499.81780        -0.82432        -0.82612        -1.02699         1.55457           0
        5369       -40.17441        -5.62969     -1499.84290        -7.59479        -8.06693       -13.54531        16.99594           1
        5369       -35.00681         6.99915     -1500.21060       -10.48871         6.40722       -10.43367        15.61934          -1
        5369       -34.73950         5.18534     -1500.22962        -0.31309         0.01700        -0.34076         0.46307           0
        5369       -33.77160         5.23868     -1500.29849        -0.47548         0.04787        -0.77374         0.90942           0
        5369       -32.61158         5.09766     -1500.38103        -1.32096         0.12532        -4.24828         4.45068           0
        5423       -36.52196         2.91610     -1500.10279        -3.34793        -0.95259      -149.73522       149.26554           1
        5423       -36.55230         2.90748     -1501.46778        -3.36218        -0.99684      -149.73351       149.26445           1
        5423       -36.55230         2.90748     -1501.46778         0.02032         0.02576        -0.00168         0.00106          -1
        5452       -36.25394         4.81200     -1500.12186        -0.00663         0.02565        -0.50691         0.50760           0
        5482       -36.79663        -3.55202     -1500.08324        -0.09542        -0.03287        -3.32141         3.32295           0
        5508       -36.68688        -5.31646     -1500.09105        -0.15918        -0.09420        -5.34921         5.35241           0
        5526       -33.40192        -0.28992     -1500.32479        -0.08702        -0.00336        -3.04246         3.04371           0
        5552       -43.81099        -0.16539     -1499.58414         1.93201        -0.08295        -3.78160         4.24735           0
        5552       -37.90176         2.99223     -1500.00461         0.44874        -0.05454        -0.23829         0.51100           0
        5573       -35.56824        -1.98534     -1500.17065        -0.41070        -0.04004       -11.79497        11.80219           0
        5594       -34.57972        -6.57415     -1500.24099        -0.09214         1.12947        -2.74823         2.97270           0
        5601       -35.03818         2.41568     -1502.21342         0.21838        -0.08230         0.45459         0.51100           0
        5609       -36.18353        -1.51292     -1500.12687        -0.10398        -0.01403        -2.99762         2.99946           0
        5611       -37.27017        -1.63791     -1500.04955        -0.00341         0.00329        -0.21352         0.21358           0
        5611       -39.88944         0.63499     -1501.86823        -0.06792         0.05873         0.08755         0.12541           0
        5611       -32.65275         0.46017     -1500.37810        -0.00861         0.03780        -1.84297         1.84338           0
        5680       -35.32756        -6.08824     -1500.18777         0.08894        -0.03197        -0.38909         0.40040           0
        5684       -37.97608         6.86660     -1499.99932         0.64810         0.55486        -0.91004         1.24743           0
        5689       -37.22574         4.15420     -1500.05271        -0.01793         0.00796        -0.45027         0.45070           0
        5749       -42.83511        -5.50995     -1501.23684        -0.43064         0.63763        -0.37216         0.85471           0
        5773       -37.00152        -6.11642     -1500.06867        -0.19059         0.01787        -8.36506         8.36725           0
        5798       -37.22403        -0.26734     -1500.05283        -0.28415         0.09732        -0.29587         0.15148          -1
        5798       -31.07704        -0.16458     -1500.49022        -0.37047         0.27051        -0.64558         0.79196           0
        5825       -37.81756        -2.41816     -1500.01060        -1.36655         1.08920        -7.41780         7.12697          -1
        5825       -36.01300         1.09374     -1502.14406         0.15337         0.06098         0.49875         0.52535           0
        5844       -30.91490        -2.74109     -1500.50176         0.04276        -0.17948        -0.05870         0.19362           0
        5850       -31.63089        -1.09874     -1500.45081        -0.56478        -0.33498        -0.44383         0.79257           0
        5857       -38.26283        -0.93082     -1499.97892        -0.04918        -0.00863        -1.70207         1.70280           0
        5870       -30.89092        -2.49424     -1500.50346        -0.13296         0.03223        -1.05544         1.06427           0
        5873       -40.45087         3.22726     -1499.82323        -0.58047         0.06213       -13.43156        13.44424           0
        5874       -33.53198        -2.72385     -1500.31554        -0.20781        -0.02592        -6.48387         6.48725           0
        5913       -33.89135         3.12546     -1500.28997         0.60142        -2.84207        -2.84528         3.58727          -1
        5913       -34.87202        -3.78514     -1500.22019         0.00406        -0.48658        -0.15617         0.51104           0
        5913       -33.89687         6.48172     -1500.47321         0.08445        -0.19894        -0.33540         0.39901           0
        5913       -41.49835         5.32260     -1499.74869         0.39313        -0.18159        -4.31560         4.33727           0
        5932       -33.15912        -1.09531     -1500.34207        -0.01765        -0.00273        -1.16924         1.16937           0
        6001       -43.60141         1.25764     -1499.59905        -0.32771         0.53202        -0.19207         0.65371           0
        6030       -43.95670        -0.47669     -1499.57377        -0.47432        -0.02690       -11.51508        11.52488           0
        6044       -39.88026        -5.73839     -1499.86383        -0.30161        -0.12252        -9.34408         9.34975           0
        6054       -35.84782         6.55354     -1500.15076         0.23037        -0.03752        -0.45458         0.51100           0
        6088       -31.43954        -2.07040     -1500.46443         1.47104        -0.29034        -1.55805         2.16235           0
        6088       -34.77213         6.74274     -1500.22730        -1.29635        -1.42588        -1.61554         2.05508          -1
        6088       -36.56003         3.36238     -1500.10008         0.66903         0.11818        -1.02811         1.23231           0
        6088       -42.18561         4.71044     -1499.69979         0.93234         0.41739        -2.42248         2.62904           0
        6121       -40.15114        -0.01837     -1499.84455         0.25735         0.13905        -1.42490         1.45461           0
        6154       -37.27123        -2.15548     -1500.04947        -0.22860        -0.02912        -5.60976         5.61450           0
        6200       -39.03464        -0.21913     -1499.92400        -0.50224        -0.00419       -12.40554        12.41571           0
        6233       -31.20374        -3.07001     -1500.48120        -0.88157        -0.44174        -2.28697         2.49049           0
        6244       -34.67165        -4.98381     -1500.23445        -0.21726        -0.15506        -7.58816         7.59285           0
        6256       -36.71635         1.69279     -1500.08896        -0.02021         0.00150        -0.74102         0.74130           0
        6290       -36.36928        -7.36722     -1501.85316        -0.33163         0.15301        -1.48489         1.52914           0
        6355       -39.74542         6.83662     -1499.87342        -2.04297         2.91838        -5.35959         6.43552           0
        6395       -35.51357         1.81155     -1500.17454         0.47538         0.64487        -0.47207         0.92989           0
        6395       -38.02976        -5.16349     -1499.99550         0.80929         0.06664        -2.07821         2.23122           0
        6422       -34.11588         6.21734     -1500.27399         1.52595        -0.68311        -2.38417         2.44544           1
        6460       -42.12765        -2.16729     -1499.70392        -0.85460        -0.06177       -18.92586        18.94525           0
        6482       -42.05325        -5.10619     -1499.70921         0.47469        -0.29273        -1.93941         2.01800           0
        6495       -33.66708        -3.20941     -1500.30593        -0.02826         0.00088        -1.14548         1.14583           0
        6514       -32.00230        -2.75082     -1500.42438         1.17164         1.35392        -2.05898         2.72859           0
        6545       -33.81127        -5.79819     -1500.29567         0.43657        -0.26916        -0.82041         0.96753           0
        6545       -35.89138         5.76012     -1500.14766         0.70788         0.04795        -2.20725         2.31848           0
        6663       -38.83551        -3.56254     -1499.93817        -0.30598        -0.05478        -8.82134         8.82682           0
        6663       -36.74414        -5.85023     -1500.08698        -0.98367        -0.58598       -54.38238        53.88584          -1
        6709       -35.97235         2.06134     -1500.14189         1.06029         0.09345        -1.62103         1.93924           0
        6730       -33.77887         5.36414     -1500.29797        -0.33620         0.08523       -10.40189        10.40767           0
        6785       -40.98258         2.61498     -1499.78539        -4.27158         0.73434      -112.24030       112.32395           0
        6790       -42.32653         0.06272     -1499.68977        -2.66559         0.01404       -58.00729        58.06851           0
        6793       -38.39663        -3.46388     -1499.96940         0.19966         0.15430        -0.35495         0.43550           0
        6800       -31.71422        -3.23864     -1500.44488        -8.76454         1.98102       -57.25676        57.44881           1
        6800       -31.00345        -3.26278     -1500.49546        -3.61133         1.76652       -51.99848        52.15366           0
        6842       -39.91007        -5.57132     -1499.86171        -2.36336        -2.84847      -143.81325       143.35078           1
        6842       -40.47909        -4.58222     -1499.82122        -0.00064        -0.00065        -0.03943         0.03944           0
        6846       -37.40044         5.41702     -1500.04028        -1.63877         0.35609       -43.15971        43.19228           0
        6853       -32.27146         0.14849     -1500.40523         3.78616        -1.41314        -5.99156         7.22708           0
        6885       -44.93176        -2.11642     -1501.01751         0.38240         0.41771        -1.36859         1.48113           0
        6904       -34.70232        -3.65294     -1500.23226         0.56484         0.62659        -1.00133         1.30932           0
        6918       -41.56755         1.00934     -1499.74377        -0.20844         0.00716        -4.71063         4.71525           0
        6921       -30.66795        -1.68534     -1500.51933         0.08305         0.01079        -3.33709         3.33814           0
        6958       -36.86941        -1.24827     -1500.07807        -0.30691        -0.01554        -8.26311         8.26882           0
        6960       -43.07746        -5.20789     -1500.29256         0.36773         0.53933        -0.18622         0.67880           0
        6974       -40.45832         3.83866     -1499.82270        -0.29452        -0.05514        -5.19443         5.20306           0
        7008       -34.65482         5.76086     -1500.23564        -0.03440         0.02749        -1.42620         1.42688           0
        7080       -42.62795         0.61157     -1499.66832         1.14322        -0.19881        -0.70897         1.35982           0
        7080       -44.63229        -2.79944     -1500.15131         0.43376        -0.06984        -0.42430         0.61078           0
        7080       -44.35154        -3.56456     -1501.26624         1.03623         0.60380        -1.43040         1.86666           0
        7101       -32.96367        -4.01471     -1500.35598        -0.09947        -0.02400        -3.23893         3.24054           0
        7111       -34.56458         2.27204     -1500.24206         0.99784        -1.35137        -5.46976         5.72190           0
        7127       -41.47871         0.45214     -1499.75009         0.20180         0.09405        -0.45995         0.51100           0
        7129       -43.88401        -3.82946     -1499.57894        -0.02473         0.30070        -1.49889         1.52895           0
        7129       -36.50335         2.70411     -1500.10411         0.09411         0.26447        -0.29876         0.40995           0
        7129       -37.59517        -6.84345     -1500.02642         0.16446         0.33467        -0.34938         0.51100           0
        7132       -37.14483         1.21542     -1500.05847        -0.01614         0.03985        -0.12289         0.13020           0
        7194       -37.10309        -0.08263     -1500.06144        -0.14988        -0.00057        -4.00106         4.00387           0
        7263       -42.68196        -1.59070     -1499.66448         1.53238        -0.59463       -33.21314        33.25379           0
        7266       -44.55073         1.08509     -1499.53150        -0.19312         0.03372        -2.67186         2.67904           0
        7268       -36.08213         1.58713     -1500.13408        -0.17080        -0.01493        -5.56203         5.56467           0
        7268       -44.30611         2.82986     -1499.54891        -0.09677        -0.81167        -2.67346         2.79564           0
        7287       -31.00782        -1.85374     -1500.49514         0.20045        -0.20222        -0.42432         0.51100           0
        7316       -36.40661         6.99648     -1500.11100        -0.08294         0.03160        -2.76610         2.76753           0
        7345       -36.27501         6.90391     -1500.12036        -0.27891         0.06009        -8.29965         8.30455           0
        7345       -35.60041        -0.09828     -1500.16836         0.52382        -0.81235        -1.60265         1.87157           0
        7375       -34.46898        -3.72308     -1500.24887        -0.01326        -0.01234        -0.66289         0.66313           0
        7377       -40.10389         1.06985     -1499.84792        -0.02369         0.00338        -0.68894         0.68936           0
        7377       -41.77727        -2.01449     -1499.72885        -0.05039        -0.00272        -1.32083         1.32179           0
        7403       -40.32012        -4.12774     -1499.83253        -0.82194        -0.09138       -30.10569        29.61039          -1
        7441       -35.78667        -6.84979     -1500.15511        -0.04106        -0.04940        -2.34818         2.34906           0
        7529       -36.52084         6.14324     -1500.10287        -2.44085         1.53069      -105.05379       104.58354           1
        7562       -35.63736         4.43628     -1500.16573         1.99652         2.06183        -4.68234         5.49195           0
        7567       -44.33467         2.23170     -1499.54688        -0.12559         0.00999        -2.56811         2.57120           0
        7580       -39.31276        -5.81017     -1499.90421        -0.70715        -0.22428       -13.44117        13.46163           0
        7602       -42.92341         1.71264     -1499.64730        -0.45864         0.14490       -12.94931        12.95824           0
        7637       -39.21603        -3.51412     -1499.91109        -0.06040        -0.01721        -1.76406         1.76518           0
        7671       -33.99171         6.49585     -1501.46266        -0.44725        -0.18541        -0.42849         0.64653           0
        7671       -30.51171        -1.18745     -1500.53044         0.22753        -0.15096        -0.75833         0.80600           0
        7672       -32.67490         5.10387     -1500.37652        -0.00030        -0.00026        -0.04071         0.04071           0
        7682       -32.52933        -5.28317     -1500.38688        -0.04564         0.01565        -2.36952         2.37001           0
        7691       -39.66493         3.57333     -1499.87915        -0.17127         0.29813        -0.37803         0.51100           0
        7691       -32.63954        -1.59631     -1500.37904        -0.03160        -0.07958        -0.30185         0.31376           0
        7691       -41.83792         5.08579     -1499.72453        -0.39237        -0.01080        -0.85707         0.94268           0
        7691       -38.62462         0.57949     -1499.95317         3.24419         3.90771       -11.94313        12.97819           0
        7691       -35.33969        -0.62177     -1500.18691         0.30345         0.26354        -0.88266         0.96985           0
        7704       -41.50981        -4.32313     -1499.74788         0.34535        -0.09506        -0.47919         0.59827           0
        7724       -42.72566        -1.23447     -1499.66137        -0.11880        -0.00449        -2.57037         2.57312           0
        7740       -41.38194        -4.25773     -1499.75698        -0.14093        -0.02013        -3.48550         3.48841           0
        7754       -38.87035        -6.12390     -1499.93569        -0.05898        -0.00615        -1.81941         1.82038           0
        7833       -38.74861         2.40975     -1499.94435        -0.31958         0.03004        -8.01091         8.01734           0
        7844       -40.22295         4.34308     -1499.83945        -1.59670         1.79052       -96.39692        95.91713          -1
        7857       -33.01811        -3.59429     -1500.35210         0.46071        -0.49865       -15.89552        15.91002           0
        7858       -37.65606         5.27907     -1500.02209        -0.02388         0.00599        -0.66488         0.66534           0
        7888       -40.41173        -5.44740     -1499.82601         0.14632        -0.35333        -5.27686         5.29070           0
        7888       -35.37636        -0.11477     -1502.18936         0.21230         0.29232         0.36139         0.51100           0
        7891       -39.76296        -4.21127     -1499.87218         0.39048        -0.16158        -0.28729         0.51100           0
        7901       -36.92971        -6.02050     -1500.07377         0.95010        -0.40481        -2.96667         3.14129           0
        7908       -36.13175         0.33868     -1500.13055        -0.40829         0.01656       -11.41364        11.42096           0
        7913       -41.22561         2.16896     -1501.77316         0.03882        -0.29443         0.41584         0.51100           0
        7997       -36.32779         6.68159     -1500.11660        -1.39514         0.40429       -38.74824        38.77545           0
        8026       -43.55245         3.28314     -1499.60254         2.08404        -2.36158        -3.53596         4.73532           0
        8026       -44.08114         4.00075     -1501.05833         0.50678        -0.55037        -1.11889         1.34597           0
        8034       -37.01050         4.72920     -1500.06803        -0.09744         0.03635        -2.90460         2.90646           0
        8096       -38.93477         0.87583     -1499.93111        -0.29470        -0.26048        -0.21084         0.44627           0
        8096       -40.49447         1.61941     -1499.82013        -0.28038        -0.47900        -1.82783         1.91024           0
        8096       -40.26032        -4.28047     -1499.83679         2.21531        -2.81683        -6.14602         6.62180          -1
        8111       -39.42741         1.98676     -1499.89605        -3.71548         0.64821       -88.88457        88.96456           0
        8120       -38.60353        -1.78356     -1499.95467        -0.15580        -0.01372        -3.82762         3.83081           0
        8156       -40.21930        -2.80473     -1499.83971        -0.38564        -0.03158        -8.80910         8.81759           0
        8163       -45.24214         0.58077     -1501.40225         0.18622        -0.16605        -0.17849         0.30677           0
        8200       -41.72937         3.90197     -1499.73226        -0.17894         0.08914        -5.54540         5.54900           0
        8200       -39.24592         2.48349     -1499.90897        -0.07550         0.03633        -2.86020         2.86143           0
        8200       -40.30721        -4.38372     -1499.83345        -0.03607        -0.00423        -1.24922         1.24975           0
        8227       -34.02080        -3.30117     -1500.28076        -0.32015        -0.03672       -10.77872        10.78354           0
        8254       -40.73528        -6.05544     -1499.80299        -2.98071        -1.49164       -85.51471        85.57965           0
        8298       -43.41604        -3.69052     -1499.61224         0.03775         0.20086        -0.37738         0.15631           1
        8298       -43.98393        -2.49783     -1501.57689        -0.19258        -0.20681         0.42575         0.51100           0
        8298       -36.68326        -4.02413     -1500.09131         0.17718        -0.20872        -0.79042         0.83649           0
        8298       -38.41358        -4.71466     -1499.96819         0.34905        -0.55281        -1.94626         2.05314           0
        8298       -41.99708         3.50029     -1499.71321         0.23316        -0.02496        -3.86893         3.87603           0
        8298       -42.04937         0.46596     -1499.70949         0.13128        -0.22675        -1.34238         1.36771           0
        8298       -41.96673         3.55724     -1499.71537         0.20357        -0.13997        -2.46406         2.47641           0
        8361       -34.72444         4.68142     -1500.23069        -0.67150        -0.15372       -59.22120        58.71641           1
        8368       -37.41053        -4.20414     -1500.03956        -0.49053         0.01592       -14.83838        14.84649           0
        8442       -32.98354        -2.92460     -1500.35456        -3.23184        -0.72397      -194.95378       194.47158          -1
        8442       -41.32271         3.68782     -1499.76119         0.05174         0.38913        -0.98089         1.05653           0
        8452       -39.81126        -0.87586     -1499.86874        -0.13500         0.00338        -3.72307         3.72552           0
        8454       -39.50619         7.27482     -1500.44407         0.40132        -0.24441         0.00743         0.46995           0
        8454       -41.99644         6.13352     -1500.32765         0.27596        -2.15904         0.05357         2.17726           0
        8553       -33.72026         1.77805     -1500.30214        -0.16661         0.01340        -5.28815         5.29079           0
        8565       -42.58999         3.75746     -1499.67102        -0.44750         0.06606        -9.82276         9.83317           0
        8580       -36.28409        -0.13323     -1500.11971        -0.61049        -0.00863       -17.00301        17.01396           0
        8585       -31.15581        -0.25280     -1500.48461         0.00717        -0.00083        -0.06212         0.06253           0
        8658       -42.49483         4.58522     -1499.67779        -0.74587         0.11756       -16.37640        16.39379           0
        8737       -41.88267         0.20291     -1499.72135        -0.23743         0.29551       -23.40350        23.40657           0
        8777       -40.90048         0.43539     -1499.79124        -0.91450         2.34576        -3.23771         4.10142           0
        8777       -36.36957        -4.94715     -1500.11363         0.01011         0.01935        -0.08372         0.08652           0
        8891       -33.88843        -4.98792     -1500.29018         0.51324         0.21585        -2.05999         2.13391           0
        8918       -42.15905        -5.22427     -1499.70168         0.13798        -0.12576        -0.38173         0.42494           0
        8920       -35.15276         6.73318     -1500.20021        -0.80442         0.24343       -26.28461        26.29804           0
        8926       -32.06121         4.62006     -1500.42019         0.02235        -0.19806        -7.69888         7.70146           0
        8948       -34.05309        -5.44919     -1500.27846        -0.10746        -0.03116        -3.61186         3.61359           0
        8960       -33.89706         2.44545     -1500.28956        -0.08223        -0.01316        -4.09861         4.09945           0
        8974       -33.47426        -0.43792     -1500.31965        -0.47606        -0.02205       -14.89211        14.89974           0
        8997       -41.33272        -3.79358     -1499.76048        -0.52568        -0.06910       -11.97431        11.98605           0
        9042       -37.14926         6.04952     -1500.05815        -0.34358        -0.35834        -0.84189         0.97736           0
        9044       -34.63001        -5.52003     -1500.23741        -0.82971        -0.24922       -24.51911        24.53441           0
        9080       -39.38016        -6.26362     -1499.89941         0.02687        -0.05478        -3.47789         3.47842           0
        9085       -41.89343        -4.56640     -1499.72058        -0.09088         0.00520        -2.94079         2.94220           0
        9091       -31.24042         3.10201     -1500.47859        -0.48431         0.08099       -17.19992        17.20692           0
        9097       -41.75911        -1.00005     -1499.73014        -0.47673        -0.02716       -10.42369        10.43462           0
        9117       -38.48321        -1.33226     -1499.96324         0.11588         0.14714        -0.11875         0.22176           0
        9197       -34.17522        -3.14422     -1500.26977        -0.03110        -0.00411        -0.45038         0.45147           0
        9215       -40.18460        -2.03363     -1499.84217        -0.63823         0.47288       -79.44117        78.93578          -1
        9215       -38.19297        -3.09305     -1499.98389        -0.00143        -0.00161        -0.67211         0.67211           0
        9262       -37.94136        -2.26990     -1500.00179        -0.22571        -0.00248        -5.71493         5.71939           0
        9342       -36.65172         2.10499     -1500.09355         0.06747         0.07138        -0.79259         0.79866           0
        9354       -34.53480        -3.21323     -1500.24418        -0.16380         0.11095       -25.89186        25.89261           0
        9360       -38.61851        -6.41200     -1499.95361         0.51605        -0.02258        -0.86157         1.00455           0
        9360       -39.97797        -6.44661     -1499.85688         0.49885        -0.02614        -0.92789         1.05381           0
        9380       -37.16518         2.75401     -1500.05702        -0.12223        -0.01251        -4.47247         4.47416           0
        9403       -39.01534         4.35688     -1499.92537        -0.01390         0.01099        -0.67798         0.67822           0
        9403       -34.06376         3.19599     -1500.27770        -0.18618         0.02713        -5.67872         5.68184           0
        9447       -40.66542        -1.59429     -1499.80796        -3.73354        -0.20491       -86.78046        86.86098           0
        9454       -40.58920        -4.70425     -1499.81338        -2.01485        -0.33595       -47.07274        47.11704           0
        9469       -42.51381         1.29352     -1499.67644        -0.38151        -0.85652        -0.25782         0.97244           0
        9469       -40.07935        -2.25941     -1501.85472        -0.50041        -1.88470         1.58129         2.05105           1
        9470       -36.77774        -1.76440     -1500.08459        -0.28983        -0.02091        -7.83497         7.84036           0
        9482       -31.99723        -4.77670     -1500.42474        -0.51007        -0.47333       -36.27344        35.77272           1
        9482       -39.65993        -2.12588     -1499.87951        -1.37968        -0.16129       -34.34974        34.37782           0
        9505       -41.39027         2.27899     -1499.75638        -2.10721        -0.24522       -64.40214        63.92810          -1
        9509       -31.47652         3.89476     -1500.46179        -0.14631         0.03634        -5.52561         5.52766           0
        9511       -37.93864        -5.29045     -1500.00198        -1.27136         0.19749        -3.36232         3.60007           0
        9523       -39.69325         3.63093     -1499.87714        -0.14135         0.24977        -0.46049         0.54260           0
        9523       -39.46548         3.90476     -1501.89840         0.06033        -0.09163         0.13532         0.17420           0
        9560       -39.83476        -7.10200     -1499.86707        -0.20123        -0.05916        -4.80528         4.80985           0
        9596       -37.82242        -1.54543     -1500.01025         0.04800        -0.00152        -0.50874         0.51100           0
        9612       -44.93519         2.07156     -1500.88194         0.22435         0.08483         0.13388         0.27468           0
        9621       -43.22758         1.62045     -1499.62565         0.52209         0.24436        -0.53612         0.78722           0
        9621       -31.64031         4.37255     -1500.45014         0.60527        -0.23430        -1.50464         1.63865           0
        9621       -31.57262         4.26460     -