           0       -36.51617        -3.35640     -1500.10320         0.48347         0.30159        -1.65162         1.74715           0
           7       -42.65414         2.86506     -1499.66645        -0.03280        -0.01233        -0.93424         0.93490           0
          31       -43.97832         4.16839     -1501.14738         0.09143         0.01751        -2.83724         2.83876           0
          64       -44.11490        -3.26439     -1499.56252         0.46513        -0.68350        -2.49826         2.63150           0
          85       -37.74678        -1.79704     -1500.01564        -4.91700         1.41439      -195.65499       195.21154           1
         133       -31.84723         0.11019     -1500.43542        -0.05352         0.00021        -1.87411         1.87487           0
         238       -38.51553        -1.10452     -1499.96094        -0.12393        -0.00519        -3.12681         3.12927           0
         238       -41.60118         4.98477     -1501.74643        -0.07564         0.21807         0.44103         0.49778           0
         279       -38.11595         7.48812     -1500.66057        -0.22341        -2.33552        -6.34283         6.27112           1
         279       -37.77662         7.49980     -1501.06375         0.33834        -1.93991        -2.15741         2.45434          -1
         294       -41.80229         2.51888     -1499.72707        -0.12205         0.00698        -2.83977         2.84240           0
         303       -35.66644        -5.41383     -1500.16366        -0.51902         0.05353       -13.14650        13.15685           0
         383       -43.94746         0.98510     -1499.57443         0.13640         0.23746        -1.52606         1.55043           0
         419       -39.49986        -6.33305     -1499.89090        -0.03579        -0.00949        -1.14690         1.14750           0
         483       -41.76508         3.36534     -1499.72972        -0.47794         0.05729       -10.47853        10.48958           0
         498       -37.49610        -3.23933     -1500.03347         0.47334         0.71445        -1.32329         1.57657           0
         503       -42.17002        -3.82458     -1501.70596        -0.38006         0.10723         0.12307         0.41363           0
         520       -37.34636        -5.66196     -1500.04413        -0.05731        -0.01527        -1.54753         1.54866           0
         539       -38.08333        -3.34183     -1499.99169        -0.36626        -0.06199       -10.09029        10.09712           0
         549       -36.99243         2.20490     -1500.06931        -0.12043         0.10120        -0.46926         0.49492           0
         549       -37.16028        -1.03797     -1500.05737        -0.36720        -0.01520        -9.77185         9.77876           0
         576       -41.61720        -6.37470     -1500.13873         0.67742         0.38912        -0.76474         1.09323           0
         648       -32.41491         0.15131     -1500.39502         0.00963        -0.03038        -0.99165         0.99217           0
         652       -38.26329        -1.06139     -1499.97888         0.32878        -1.03332        -3.85999         4.00940           0
         778       -39.65377         3.53933     -1499.87995        -0.03638         0.02921        -1.76580         1.76642           0
         778       -39.63165         6.05321     -1499.88152        -0.00505         0.00581        -0.24991         0.25003           0
         811       -43.11397        -3.86552     -1499.63374       -13.01789        -1.63405      -279.09827       279.40648           0
         825       -39.37738         6.95661     -1499.89961        -0.11929         0.05102        -3.46469         3.46712           0
         825       -32.86819        -1.68239     -1500.36277        -0.49714        -0.15780        -2.97384         3.01923           0
         869       -35.63501         7.21586     -1500.54895        -2.14745        -8.08296        -7.44882        11.19958           0
         932       -32.45956        -2.97415     -1500.39185         0.74478         0.32408        -2.74785         2.86538           0
         943       -38.46702         7.45320     -1499.96439        -1.08947         3.46547        -8.27077         8.53683           1
         962       -35.52087        -2.35324     -1500.17402        -3.39566        -0.18565      -110.86827       110.92041           0
        1053       -33.81654        -5.63852     -1500.29529        -1.05678        -1.24410       -72.97394        72.48298           1
        1053       -35.08793         3.79196     -1500.20483        -0.17588         0.04995        -9.74439         9.74611           0
        1085       -37.72808        -4.37135     -1500.01697        -0.11829        -0.18666        -7.69084         7.69401           0
        1104       -33.07191        -1.23496     -1500.34827        -0.27165        -0.01748        -9.51884         9.52273           0
        1124       -32.27040        -1.93288     -1500.40531         0.15970         0.06452        -0.33133         0.37342           0
        1132       -34.56021        -1.15035     -1500.24238        -0.08017        -0.00732        -2.49081         2.49211           0
        1139       -38.93039         0.02910     -1499.93142        -0.98012         0.14617        -2.13047         2.34966           0
        1179       -33.95557        -0.87346     -1500.28540        -0.14693        -0.01117        -5.35482         5.35684           0
        1184       -41.87022        -1.81601     -1499.72223        -0.01241        -0.00031        -0.33121         0.33144           0
        1201       -38.04995         1.25208     -1499.99406        -0.84896         0.04099       -21.80177        21.81833           0
        1219       -43.31050         4.34997     -1499.61975        -0.12064         0.02209        -3.45187         3.45405           0
        1224       -42.36422         3.97215     -1499.68708        -0.49073        -0.70969        -1.33240         1.58738           0
        1303       -38.47139        -5.37508     -1499.96408        -1.97254        -0.18711      -108.53680       108.04509           1
        1303       -33.96869        -4.35896     -1500.28446        -0.00246        -0.00134        -0.47144         0.47145           0
        1348       -37.66592        -0.62667     -1500.02139        -0.16801        -0.01830        -5.33601         5.33869           0
        1348       -39.52359        -3.19163     -1499.88921        -0.30849        -0.07113        -8.70262         8.70838           0
        1351       -37.16216        -2.66408     -1500.05723        -1.40362         1.02840        -8.64235         8.81578           0
        1363       -38.04987         5.73703     -1499.99407         0.75966        -0.30975        -1.62918         1.82408           0
        1363       -41.97591         1.14976     -1499.71471        -0.35305         0.01547        -7.85225         7.86020           0
        1380       -43.37902        -0.00732     -1499.61488        -1.91221         0.00517       -39.53214        39.57836           0
        1380       -35.93025        -1.62532     -1500.14489         2.98988        -1.12474       -10.46892        10.94544           0
        1409       -36.83926         3.54980     -1500.08021        -0.00918         0.00305        -0.61924         0.61931           0
        1421       -34.98818         3.08612     -1500.21192         0.00635         0.08161        -2.92323         2.92438           0
        1436       -40.42966        -1.26036     -1499.82474        -0.00478         0.00174        -0.23760         0.23765           0
        1458       -35.95768         0.95434     -1500.14294         1.89485        -0.70062        -6.10836         6.43377           0
        1491       -38.81627         6.90888     -1499.93954         0.00918         0.04240        -0.64235         0.64382           0
        1505       -31.91379         4.61099     -1500.43068        -0.50391        -0.17501       -12.85933        12.87039           0
        1533       -34.15265        -5.24874     -1500.27137        -0.65394        -0.16903       -19.99664        20.00804           0
        1546       -42.09035         1.50467     -1499.70657        -0.16457         0.00717        -3.60502         3.60878           0
        1651       -37.51780         7.43440     -1500.03193        -0.17978         0.06013        -4.97312         4.97673           0
        1673       -32.83674        -2.99317     -1500.36501        -0.33475        -0.05924       -10.89082        10.89613           0
        1676       -40.38891        -5.15684     -1499.82764        -0.21058         1.64276        -1.76740         2.42213           0
        1705       -36.52869        -2.50671     -1500.10231        -0.02211        -0.00093        -0.31004         0.31083           0
        1721       -35.61592         0.85489     -1500.16726        -0.00535         0.01324        -0.40795         0.40820           0
        1745       -39.64162        -3.18527     -1499.88081        -0.05147        -0.00084        -1.61550         1.61632           0
        1775       -39.37243        -5.56756     -1499.89996         2.74341        -1.87526        -8.26873         8.91149           0
        1775       -33.77289        -3.03970     -1500.29840         2.33260        -0.68709        -4.67563         5.27016           0
        1872       -33.12167        -0.31255     -1500.34473        -0.01839        -0.00543        -1.15127         1.15143           0
        1916       -33.54735        -5.47079     -1500.31444        -0.60954        -0.19987       -19.21673        19.22744           0
        2004       -41.84866        -6.00658     -1499.72377        -0.22574        -0.04771        -5.01798         5.02329           0
        2045       -36.36019        -3.03777     -1500.11430        -1.47361         0.19030      -143.72357       143.22116          -1
        2045       -43.13028         0.44694     -1499.63258        -0.96419         0.39949       -31.21923        31.23667           0
        2153       -40.88233        -5.49621     -1501.79758        -0.18912        -0.03275         0.17573         0.26023           0
        2210       -34.80019         0.53140     -1500.22530         0.65339         0.52450        -2.26149         2.41171           0
        2220       -33.85438        -0.83804     -1500.29260         0.70106         1.53791        -2.34331         2.88925           0
        2245       -39.07545        -3.47597     -1499.92110         0.42837        -1.17742        -0.93417         1.56285           0
        2300       -42.96421         4.25399     -1499.64439        -4.79923        -0.92672       -12.04958        12.50226           1
        2300       -37.06465         1.05340     -1500.06417        -2.03850        -1.57000        -2.62213         3.19805           1
        2300       -43.14449         2.60583     -1499.63156        -0.81810         0.08829       -25.65894        25.67213           0
        2336       -32.88589         2.53089     -1500.36151         0.37002        -0.85112        -2.08022         1.82348          -1
        2339       -37.39292         3.79032     -1500.04082        -1.33390         0.24595       -47.56874        47.58807           0
        2359       -39.06282        -3.04018     -1499.92199        -0.71716        -0.13131       -17.93344        17.94825           0
        2391       -41.85685         5.13806     -1499.72319        -0.03327         0.02933        -0.93317         0.93422           0
        2427       -41.80801         2.50451     -1501.73172         0.27196        -0.20772         0.37949         0.51100           0
        2442       -39.00806         3.37156     -1499.92589         0.18768        -0.14926        -0.24966         0.10621          -1
        2442       -34.91994        -2.10247     -1502.22184         0.11449        -0.26095         0.14563         0.09194          -1
        2483       -38.25307         4.13576     -1499.97961        -0.00296         0.00070        -0.13566         0.13570           0
        2486       -41.49304         1.44100     -1499.74907        -0.97486         0.04501       -22.12064        22.14216           0
        2488       -33.60431        -2.44294     -1500.31039         0.31299        -0.61364        -1.95080         2.06885           0
        2557       -42.92083         2.21826     -1499.64748        -0.10953         0.00758        -2.35995         2.36251           0
        2697       -35.57217         5.49089     -1500.17037        -0.64474         0.18390       -18.58905        18.60114           0
        2732       -40.82413        -1.50770     -1499.79667        -1.18160        -0.33358       -35.75565        35.77672           0
        2792       -35.46132        -4.46335     -1500.17826        -0.35894        -0.08528       -14.56721        14.57188           0
        2823       -34.51950         0.88461     -1500.24527        -0.54705         0.02370       -16.33982        16.34899           0
        2839       -33.67127         4.51703     -1500.30563        -0.12091        -0.00877        -6.55845         6.55957           0
        2939       -40.27255         2.32121     -1499.83592        -0.51671        -0.08754       -11.51401        11.52593           0
        2955       -37.98445        -0.18538     -1499.99873        -0.00361         0.00055        -0.18008         0.18011           0
        3012       -39.50139         5.63665     -1499.89079        -0.59478         0.17599       -15.34476        15.35729           0
        3012       -34.38517        -3.37412     -1502.25989         0.06700        -0.22159         0.44728         0.50364           0
        3072       -38.07637        -6.43048     -1499.99218         2.41275        -1.63641        -5.06970         5.84817           0
        3079       -42.04465        -5.20938     -1499.70982        -1.13788        -0.05209        -2.69622         2.92696           0
        3084       -31.85352         4.57557     -1502.32093        -0.28705        -0.42049        -0.04366         0.51100           0
        3133       -38.01187        -0.66197     -1499.99677        -1.11955        -0.42735        -1.06625         1.60403           0
        3133       -31.95554         0.75011     -1500.42771        -0.59197        -0.93377        -3.71264         3.39632           1
        3133       -35.46497         3.79055     -1502.18305        -0.32186         0.26331         0.29697         0.51100           0
        3133       -30.24557         0.10602     -1501.65559        -4.13874        -1.82371        -2.73344         5.28458           0
        3133       -35.43301         2.48104     -1500.18027        -0.20585         0.03557       -14.66650        14.66799           0
        3158       -39.77341         1.08599     -1499.87143        -0.42283        -0.80047        -1.42754         1.69039           0
        3170       -38.87643        -2.99608     -1499.93526        -0.49808        -0.10355       -11.58503        11.59619           0
        3176       -39.50884         2.95487     -1499.89026        -0.02483        -0.07202        -1.65799         1.65974           0
        3183       -39.68861         3.15736     -1499.87747        -0.17086         0.02855        -4.21619         4.21975           0
        3227       -36.24409        -3.36939     -1500.12256         1.25357        -1.90417        -1.84146         2.93057           0
        3238       -43.24365        -1.38501     -1499.62451        -0.20656        -0.03676        -4.54181         4.54665           0
        3246       -31.81773         4.32915     -1500.43752        -0.56018        -0.21706       -59.63415        59.63718           0
        3252       -39.84089         4.45153     -1499.86663        -0.15936         0.05448        -7.33857         7.34050           0
        3341       -40.29727         2.53418     -1499.83416        -0.64134         0.00372       -13.52055        13.53576           0
        3369       -40.15931         4.42986     -1499.84397        -0.34390         0.05557        -7.91036         7.91803           0
        3422       -38.17012        -0.95794     -1499.98551        -0.10296        -0.12824        -6.12270         6.12491           0
        3443       -36.37678         5.24476     -1500.11312        -1.44972         0.49499       -62.95362        62.97226           0
        3443       -39.41949        -0.94687     -1499.89661        -0.06950        -0.01588        -2.22342         2.22457           0
        3443       -39.54656         0.06631     -1499.88757        -0.66221         0.01001       -15.84063        15.85447           0
        3461       -34.89258         6.58324     -1500.21873        -0.05203         0.03897        -2.57980         2.58062           0
        3463       -36.88046         3.50771     -1500.07728        -0.14245         0.05919        -5.70264         5.70473           0
        3555       -34.51586        -0.58589     -1500.24553        -0.18843        -0.00366        -5.64783         5.65098           0
        3630       -36.80246         5.05493     -1500.08283        -0.11122         0.29216        -0.37770         0.49029           0
        3694       -42.56537        -1.47974     -1499.67277        -0.04319         0.00683        -1.16062         1.16144           0
        3760       -41.50880         0.22571     -1499.74795        -0.22501         0.11248        -9.05900         9.06249           0
        3765       -40.95043         4.11451     -1499.78768         0.19179         0.48824        -0.19568         0.55986           0
        3843       -42.85720        -0.16226     -1499.65201         0.74900        -0.84983        -5.57701         5.69090           0
        3846       -38.85980        -4.54378     -1499.93644        -0.60858        -0.10619       -15.14338        15.15598           0
        3870       -40.25627        -1.68432     -1499.83707         2.31999        -1.40182        -3.69339         4.58133           0
        3870       -38.41393        -0.05804     -1499.96817         0.43732         0.20475        -0.16718         0.51100           0
        3916       -38.10088        -1.36237     -1499.99044        -0.14399        -3.04751       -13.33874        13.68320           0
        3916       -40.41771        -3.67784     -1499.82559        -0.61980         0.65081        -0.99102         1.33784           0
        3953       -38.61772        -1.24142     -1499.95366        -0.02626        -0.00936        -0.24605         0.24763           0
        3968       -31.21811        -2.15611     -1500.48018        -0.07761         0.00091        -3.28570         3.28661           0
        3995       -33.18077        -2.78686     -1500.34053        -0.11584        -0.04210        -4.75373         4.75533           0
