          31       -42.75242         4.53213     -1499.65946         0.34689        -0.09051        -5.04700         5.05972           0
          34       -39.29508        -0.35528     -1499.90547        -0.10990        -0.00092        -2.66218         2.66444           0
          50       -41.89019         1.86954     -1501.72587         0.23235         0.00521         0.13333         0.26794           0
          86       -34.94433        -2.03283     -1500.21504        -0.12973        -0.08848        -5.43437         5.43664           0
         121       -32.91778        -1.60313     -1500.35924        -0.02668        -0.01020        -1.67123         1.67147           0
         125       -32.48395         3.14866     -1500.39011         0.88491        -0.57636        -6.70691         6.29775          -1
         211       -34.77600        -1.33094     -1500.22702         0.80663        -0.36948        -1.96668         2.15754           0
         221       -41.10911        -3.81488     -1499.77639        -0.67891        -0.09210       -15.55872        15.57380           0
         228       -33.43143        -2.02326     -1500.32269        -0.51303         0.17213       -35.57948        35.58360           0
         232       -38.39516        -3.27581     -1499.96950        -0.16351        -0.02540        -4.70373         4.70664           0
         239       -33.09510         1.91032     -1500.34662         0.13559         0.12504        -1.60713         1.61768           0
         299       -38.42711        -2.36246     -1499.96723         0.21186        -0.51994        -0.76446         0.94848           0
         327       -36.08256         2.95988     -1500.13405        -0.50016         0.37430       -12.40228        12.41801           0
         329       -35.31863         3.84042     -1500.18841         0.96586         0.89085        -1.81253         2.23870           0
         340       -38.65697        -3.30215     -1499.95087         2.48633         0.26245        -8.81047         9.15833           0
         340       -45.00317         0.04122     -1499.49931        -0.05770         0.44634        -2.67941         2.71694           0
         340       -43.35748        -4.99365     -1501.42670         0.92977        -0.04853        -1.54335         1.80243           0
         354       -38.53312         2.41189     -1499.95968        -0.00003         0.01665        -0.92477         0.92492           0
         362       -43.70550        -1.17036     -1499.59165        -0.21673        -0.17898        -0.42675         0.51100           0
         380       -31.13844         2.70424     -1500.48585        -0.56666         0.75980       -29.60456        29.11314           1
         442       -44.51453        -2.35931     -1499.53408         0.40303         0.07325        -0.75214         0.85646           0
         442       -40.49035        -6.55349     -1499.82042         1.66737         1.64635        -3.35933         4.09581           0
         474       -43.90460        -1.20417     -1499.57748        -0.93663         1.24089        -1.25049         1.54860          -1
         476       -43.19897         0.35864     -1499.62769         0.09513        -0.66492        -0.60503         0.90401           0
         483       -35.64168         6.76811     -1500.16542        -0.26373         0.03017       -10.01263        10.01615           0
         518       -41.08250         1.52982     -1499.77828         0.32162        -0.60433        -9.89231         9.91597           0
         518       -35.68240        -1.84383     -1502.16758         0.21629        -0.07104         0.68445         0.72131           0
         549       -41.96478        -6.20797     -1501.40137         2.36195        -1.19368        -1.82458         3.21446           0
         569       -38.18583        -1.54062     -1499.98440        -0.51324         0.32187       -20.93880        20.44279           1
         582       -38.58629         3.83455     -1499.95590         0.00191        -0.04061        -0.89398         0.89491           0
         585       -41.64656         0.97452     -1499.73815        -0.01160         0.00136        -0.27932         0.27956           0
         593       -38.96302         0.63007     -1499.92910         1.26191         0.34993        -4.03680         4.24389           0
         600       -39.14085         1.72287     -1499.91644        -0.11221         0.00719        -2.76544         2.76772           0
         669       -35.55962        -7.04477     -1500.17126        -0.08967        -0.02731        -2.57276         2.57447           0
         694       -33.53302        -1.89403     -1500.31546        -0.00503        -0.01738        -0.55329         0.55359           0
         733       -39.04417        -5.47880     -1499.92332        -0.07044        -0.02651        -2.02901         2.03041           0
         775       -33.93776        -0.13074     -1500.28667         0.39879         0.00088        -0.86763         0.95489           0
         775       -43.33497         3.04731     -1499.61801         0.53072         1.01009        -7.09126         7.18248           0
         783       -33.34544        -0.83202     -1500.32881        -0.00750         0.00571        -1.44798         1.44801           0
         790       -42.05374        -4.57270     -1499.70918        -0.17090         1.61989        -1.74489         2.38702           0
         797       -32.38587         4.13278     -1500.39709        -0.07999         0.05416        -4.93376         4.93471           0
         797       -37.41995         2.08989     -1502.04395        -0.32260        -0.17930         0.35342         0.51100           0
         797       -41.46971         0.22118     -1499.75073        -0.11989         0.00701        -3.25625         3.25846           0
         857       -37.33795         1.74979     -1500.04473        -0.01600         0.00668        -0.92832         0.92848           0
         873       -34.83128         1.99708     -1500.22309        -0.04118        -0.56101        -0.63968         0.85183           0
         875       -39.14348        -3.35339     -1499.91625         0.96148        -0.21162       -10.45764        10.50388           0
         883       -33.21092        -2.35206     -1500.33838         0.11629        -0.37968        -1.49372         1.54560           0
         883       -39.02655         5.75492     -1499.92457        -0.13790        -0.29322        -3.30438         3.32023           0
         896       -35.68982        -0.90271     -1500.16200        -1.48325        -1.78514       -10.33473        10.59214           0
         896       -33.23069         3.16346     -1500.33698        -0.26536        -0.24349        -3.03669         3.05797           0
         896       -38.60541         4.68727     -1499.95454        -0.84968        -0.18291        -4.12236         4.21298           0
         919       -39.86078        -5.71463     -1499.86522        -0.07769        -0.12589        -3.69626         3.69921           0
         922       -32.09471        -1.28007     -1500.41781         0.38148        -0.19790        -1.34640         1.41332           0
         926       -36.52379        -6.77812     -1500.10266        -0.18122         0.06232        -4.74253         4.26283           1
         930       -36.77253         3.08663     -1500.08496        -1.01314         0.16082       -49.20363        49.21432           0
         930       -39.65309         0.40041     -1499.87999        -0.48244        -0.05610       -17.64300        17.64968           0
         930       -35.67490        -1.97966     -1502.16812         0.01277        -0.00963         0.24632         0.24684           0
         930       -33.39759        -5.30023     -1502.33016         0.32432        -0.43852         1.03624         1.17101           0
         945       -41.81884         3.32360     -1499.72589        -0.56853        -0.49883        -1.06000         1.30218           0
        1048       -34.53209         5.06743     -1500.24438         0.47851        -0.27574        -1.05184         1.18801           0
        1048       -37.33620         4.33452     -1500.04485         0.14687        -0.15963        -0.69794         0.73087           0
        1065       -34.96550         6.07696     -1500.21354        -0.22527         0.05599        -6.26840         6.27270           0
        1092       -37.47664        -2.50075     -1500.03486        -0.73534        -0.07286       -19.31836        19.33249           0
        1108       -35.97384         6.99893     -1500.14179        -0.29270         0.08955        -7.99862         8.00448           0
        1163       -34.41541         1.29717     -1500.25268        -0.29810         0.01756        -8.91449         8.91949           0
        1164       -38.69392         6.00159     -1499.94824         0.48574         1.62323        -1.56108         1.84886          -1
        1167       -41.06303        -5.62739     -1499.77967         0.51491        -0.36606        -1.03383         1.21158           0
        1186       -36.88537        -6.09101     -1500.07693        -0.07426        -0.04531        -2.84383         2.84516           0
        1189       -40.75902        -3.68644     -1499.80130        -0.27438        -0.03466        -5.71552         5.72221           0
        1233       -39.49531         2.49502     -1499.89122         0.59029         0.18124        -0.59677         0.85874           0
        1241       -35.70504         7.10359     -1500.16092        -3.95296         0.41776        -1.06101         3.63475           1
        1257       -35.03215        -1.42388     -1500.20879        -0.42486        -0.04892       -12.36123        12.36862           0
        1290       -38.14142         3.00141     -1499.98756         2.28804         2.23290        -4.60870         5.60902           0
        1291       -38.26922        -1.01139     -1499.97846        -0.08333         0.03451        -5.24321         5.24399           0
        1376       -43.39128         3.78580     -1499.61400         0.20423         0.08378        -1.18573         1.20610           0
        1392       -41.11241        -1.46170     -1499.77616        -0.54639        -0.02720       -12.54326        12.55518           0
        1416       -37.20199         3.24602     -1500.05440        -0.08887         0.01156        -2.36139         2.36309           0
        1481       -36.60708         6.30669     -1500.09673         0.11151        -0.05574        -2.40731         2.41054           0
        1488       -36.92171        -2.00640     -1500.07434        -0.20333        -0.02764        -5.62678         5.63052           0
        1538       -44.40527         2.34397     -1499.54185         0.72555         1.02265        -4.34128         4.51874           0
        1551       -39.45330         4.25428     -1499.89421        -0.23105         0.06586        -6.09254         6.09728           0
        1603       -43.01595        -2.35789     -1499.64071        -0.22548        -0.38613        -0.24735         0.51100           0
        1622       -42.30592        -0.74058     -1499.69123         0.13565        -0.56011        -2.13204         2.20856           0
        1662       -35.84877         6.91467     -1502.15574         0.92001         0.01256         2.28068         2.00081          -1
        1662       -42.91716         1.44270     -1499.64774         0.12051        -1.45545        -1.04278         1.35484          -1
        1662       -41.06664         5.51327     -1501.78447        -0.36868        -0.13777         0.42625         0.58017           0
        1688       -38.63405        -7.43964     -1500.50742         0.76810         2.21293        -1.42455         2.27782           1
        1688       -38.71635        -7.42988     -1500.62734        -0.54783         2.67615        -6.09372         6.18650          -1
        1704       -41.86165         1.65382     -1499.72284         0.15603        -0.48249        -0.28789         0.58312           0
        1705       -37.28138         3.02625     -1500.04875        -1.64114         0.88625       -48.60531        48.64108           0
        1757       -37.58857         5.38095     -1500.02689        -0.04113         0.00659        -1.25218         1.25287           0
        1855       -37.78162        -0.83549     -1500.01316        -0.08259        -0.01622        -2.50148         2.50289           0
        1856       -35.08036        -5.16409     -1500.20536         0.23301        -0.37552        -0.06033         0.44604           0
        1862       -34.88369         5.47786     -1500.21936        -0.26169         0.11484        -8.79014         8.79479           0
        1871       -33.14426        -5.46124     -1500.34313        -0.30165        -0.15488       -11.14652        11.15167           0
        1874       -37.10046        -1.41301     -1500.06162        -0.00389        -0.01279        -0.31312         0.31341           0
        1941       -44.46781         3.06912     -1499.53740         5.31022        -2.62888       -11.13844        12.61643           0
        1941       -43.57366         4.61523     -1500.01289         3.57073        -0.61639        -3.71271         5.18789           0
        1989       -34.56791        -5.72443     -1500.24183        -0.15947        -0.06595        -0.43161         0.46483           0
        1999       -32.17507         3.61209     -1500.41209         0.53813        -0.03303        -0.38321         0.66146           0
        1999       -36.61829         6.71436     -1500.09593         0.02100        -0.14352        -0.52862         0.54815           0
        2050       -42.30289         0.22600     -1499.69145        -0.33474         0.00058        -7.39437         7.40194           0
        2050       -43.65236         1.99038     -1501.60048         0.00008         0.04550         0.23833         0.24263           0
        2158       -31.55878         1.38042     -1500.45594        -0.05498        -0.00901        -2.36906         2.36972           0
        2192       -35.31240        -4.69158     -1500.18885        -1.11307        -0.26617       -31.39640        31.41725           0
        2206       -42.66953        -0.04143     -1499.66536        -0.01645        -0.00176        -0.53733         0.53759           0
        2206       -43.09522         2.04969     -1499.63507        -0.05075         0.01709        -2.55318         2.55374           0
        2206       -43.17213         0.44287     -1499.62960        -1.73487        -3.27809       -82.29776        81.87187          -1
        2248       -36.13932        -0.08436     -1500.13001        -1.17563         1.40254        -3.89481         4.30335           0
        2281       -37.91861         6.47402     -1500.00341         0.29854         0.89527       -23.12293        23.14218           0
        2332       -39.55457        -6.73480     -1499.88700        -0.24361        -0.10106        -7.51696         7.52158           0
        2337       -34.42026        -2.81174     -1500.25233        -0.85105        -0.10717       -25.48788        25.50231           0
        2341       -33.59476         5.90649     -1500.31107         0.02750        -0.32645        -1.17075         1.21573           0
        2361       -38.53515         5.89538     -1499.95954         0.42519         0.56062        -0.75950         1.03534           0
        2436       -38.88438        -2.67869     -1499.93469         0.01282         0.12464        -0.53884         0.55322           0
        2436       -32.70533         1.03879     -1502.37941         0.06771         0.05909         0.15211         0.17668           0
        2436       -33.94291        -0.46719     -1500.28630         1.52430        -0.22580        -3.87097         4.16640           0
        2436       -36.82325         5.07224     -1500.08135         4.84435         1.35144        -8.28405         9.69121           0
        2436       -40.60885         0.75986     -1499.81199         0.61106        -0.10400        -1.44455         1.57192           0
        2436       -38.15760        -2.34561     -1499.98640         2.43030        -1.02129        -4.44984         5.17208           0
        2440       -40.41951         3.34894     -1499.82546        -0.08453         0.01802        -2.27526         2.27690           0
        2447       -31.31417        -2.50996     -1500.47335        -0.03640        -0.03867        -3.34606         3.34648           0
        2461       -41.69991         3.75577     -1499.73435        -0.10051         0.00862        -2.51430         2.51632           0
        2494       -31.41904        -3.07437     -1500.46588        -0.46066        -0.10748       -16.89674        16.90336           0
        2529       -35.18413         0.69574     -1500.19798        -0.20911         0.00585        -6.06521         6.06882           0
        2531       -40.03230        -1.98766     -1499.85301         1.28425        -0.02219        -2.29409         2.62919           0
        2531       -37.86415        -1.26312     -1500.00728         0.50617         0.04007        -1.22659         1.32753           0
        2531       -33.93573         2.36976     -1500.28681         0.71877         0.19549        -1.36636         1.55621           0
        2531       -43.46505         4.84664     -1501.13786         0.38004         0.27989        -0.17003         0.50167           0
        2531       -37.23436        -5.64421     -1500.05210         1.89668        -0.41875        -5.29923         5.64399           0
        2605       -40.78377        -2.31067     -1499.79954        -0.28597        -0.02324        -6.63722         6.64342           0
        2627       -32.70780         1.41660     -1500.37418         1.32783         1.13980        -4.72689         5.04041           0
        2632       -38.66526        -0.29897     -1499.95028         0.63671         0.27052        -1.96335         2.08167           0
        2632       -32.70592         2.10523     -1500.37432         1.11522         0.15063        -2.76402         2.98432           0
        2655       -32.70551         3.70180     -1500.37435        -1.39707         0.26055       -45.43829        45.46051           0
        2678       -37.15049        -5.76502     -1500.05806        -0.17699        -0.04142        -4.71221         4.71571           0
        2690       -33.87420         4.24872     -1500.29119        -0.04167         0.04150        -2.73699         2.73762           0
        2698       -42.18121        -4.09223     -1499.70011         0.40925        -0.81534        -1.97185         2.17267           0
        2698       -36.48855         1.09731     -1500.10517         1.98333        -1.35716        -5.33855         5.85453           0
        2698       -36.93638         2.62272     -1500.07330         0.04895        -0.44649        -0.69271         0.82559           0
        2701       -40.41059        -1.27843     -1499.82609         0.83453         0.06119        -1.02657         1.32439           0
        2701       -39.22879        -6.35957     -1499.91018         1.65720        -0.87252        -2.94844         3.49298           0
        2801       -40.36671        -1.81386     -1499.82922        -0.04786        -0.00505        -1.35493         1.35579           0
        2827       -38.36975         2.10119     -1499.97131         0.89151         1.03764        -2.85709         3.16772           0
        2853       -38.51850         6.08367     -1499.96072        -2.74104         0.56803       -89.89517        89.93875           0
        2921       -37.20657         2.87559     -1500.05407        -0.03473         0.00296        -1.55820         1.55859           0
        2927       -36.46820         2.49317     -1500.10661        -0.07269        -0.02377        -3.28239         3.28328           0
        2936       -36.03070         1.43695     -1500.13774        -0.14997         0.00904        -4.18049         4.18318           0
        2949       -34.41884        -3.44086     -1500.25243        -0.82044        -0.12727       -24.53582        24.54987           0
        2982       -40.90329         6.74452     -1499.79104        -1.61746        -1.59044        -1.64392         2.80145           0
        3013       -35.27912         4.64770     -1500.19122         0.11507        -0.61497        -1.09691         1.26279           0
        3027       -38.57349         0.44102     -1499.95681        -1.48181         0.04554       -58.89633        58.40620          -1
        3069       -39.19820         0.75282     -1499.91236         0.03533         0.12792        -0.56567         0.58102           0
        3106       -42.44156        -1.32080     -1499.68158        -0.00641        -0.00053        -0.29742         0.29749           0
        3119       -40.51508        -5.58492     -1499.81866        -0.11512        -0.10133        -7.44913         7.45071           0
        3125       -34.05458        -4.21282     -1500.27835         1.67928         0.26226        -1.92597         2.56868           0
        3125       -39.53375        -4.86793     -1499.88848         0.74589        -0.16285        -1.85315         2.00426           0
        3191       -35.59138         1.69612     -1500.16900         0.63621        -0.33077        -5.57226         5.61821           0
        3195       -36.11981         3.89203     -1500.13140        -1.18623         0.19917       -32.99535        33.01726           0
        3200       -39.59218        -6.02716     -1499.88433         0.66605        -1.04091        -1.34492         1.82645           0
        3201       -36.35320         0.12650     -1500.11480         0.29629        -0.62879        -6.79915         6.34267           1
        3201       -39.77517         4.77812     -1499.87131        -0.26086         0.32569        -0.18076         0.17305          -1
        3205       -42.21178         0.45358     -1499.69793        -0.20339         0.01104        -5.20367         5.20766           0
        3291       -40.11798         1.32628     -1499.84691         0.52827        -0.74306       -57.97059        57.97776           0
        3385       -41.39076        -3.51352     -1499.75635        -1.97485        -0.39251       -80.97234        80.48798          -1
        3385       -41.40077        -3.51555     -1500.16542        -1.95399        -0.36620       -80.97229        80.48730          -1
        3385       -41.40077        -3.51555     -1500.16542        -0.01298        -0.02296        -0.00026         0.00068          -1
        3427       -42.43730         2.79823     -1499.68188         0.05617         0.15816        -0.67148         0.69214           0
        3487       -35.22470        -4.38278     -1500.19509        -0.53675        -0.10252       -15.49547        15.50510           0
        3487       -39.46329         5.47702     -1501.89856        -0.11515         0.13039         0.29174         0.33967           0
        3501       -31.48573         2.01524     -1500.46114        -0.29059        -0.20099        -2.24726         2.27487           0
        3528       -33.56111        -4.62201     -1500.31347        -1.78718        -0.22936       -83.76915        83.78852           0
        3528       -42.55577        -4.54749     -1499.67345        -0.27699        -0.01720        -6.67780         6.68357           0
        3583       -34.82389         3.08438     -1500.22361         0.35768         0.19806        -0.71909         0.82720           0
        3598       -41.31102        -2.09333     -1499.76202        -0.03914         0.00599        -1.14606         1.14674           0
        3606       -35.89932         2.11418     -1500.14709        -0.23712         0.29366        -1.17358         1.23278           0
        3649       -39.65796        -6.78821     -1499.87965        -1.51631        -0.40337       -36.71821        36.75172           0
        3649       -39.18978        -6.53326     -1501.91802         0.01014        -0.00604         0.05681         0.05802           0
        3649       -39.69084        -3.71752     -1499.87731        -0.98241        -0.13488       -23.69354        23.71428           0
        3650       -33.85672         3.51444     -1500.29243        -0.38967         0.10076       -13.96292        13.96872           0
        3696       -35.72601         0.08518     -1500.15942        -0.88014         0.02173       -25.45183        25.46705           0
        3696       -41.65162        -5.35161     -1501.74285        -0.20928         0.01605         0.19166         0.28424           0
        3727       -34.64557         5.90897     -1500.23630        -0.03879        -0.00073        -0.39708         0.39897           0
        3758       -32.28120        -4.19985     -1500.40454        -0.62810        -0.87804        -4.59881         4.72382           0
        3758       -35.00676        -2.67706     -1500.21060        -0.35055        -0.27959        -0.89655         1.00243           0
        3859       -42.15370        -2.95814     -1499.70206         0.63409         0.19766        -2.41747         2.50705           0
        3889       -37.78207        -5.14257     -1502.01818         0.41653        -0.14200         0.25973         0.51100           0
        3971       -36.45882        -0.25087     -1500.10728        -0.42974        -0.03677       -13.29839        13.30538           0
        3988       -38.96869        -2.02917     -1499.92869        -0.24638        -0.01869        -6.10893         6.11393           0
        4014       -42.21922         1.37396     -1499.69740        -4.79161         1.78171      -140.25528       139.83835           1
        4080       -34.84829         4.60339     -1500.22188         0.89104        -0.46055        -4.98206         5.08202           0
        4080       -36.46948        -2.85020     -1500.10652         0.55581        -0.33230        -1.77380         1.88831           0
        4081       -30.90039        -0.83069     -1500.50279        -0.04402        -0.01741        -4.16139         4.16166           0
        4095       -43.37051         4.77004     -1499.61548         0.55897         0.42695        -1.02761         1.24528           0
        4112       -37.72250        -1.56383     -1500.01736        -0.18739        -0.01259        -4.88539         4.88899           0
        4129       -32.64516         1.52378     -1500.37864         0.17308        -0.00952        -1.55368         1.56332           0
        4131       -39.78582        -4.18585     -1499.87055        -0.09343        -0.02393        -2.73701         2.73871           0
        4143       -42.20756         3.33957     -1499.69823         2.60210        -0.43064        -6.83624         7.32739           0
        4161       -41.79701         1.84327     -1499.72744        -0.79532        -0.05785        -1.18557         1.42880           0
        4184       -38.71581        -4.94850     -1499.94669        -0.36973        -0.61340       -16.05143        15.56452          -1
        4184       -35.28376         0.68289     -1502.19595         0.06371         0.10041         0.08550         0.14646           0
        4212       -39.93832        -1.03477     -1499.85970        -0.30540        -0.05896        -8.57737         8.58301           0
        4212       -42.49740        -5.33447     -1499.67761        -0.24861        -0.09642        -6.06744         6.07330           0
        4214       -35.31985        -4.69543     -1500.18832        -0.36009        -0.18721       -17.58781        17.59250           0
        4225       -38.27209        -2.69777     -1499.97826        -0.16447         0.53502        -3.43773         3.48300           0
        4248       -37.56669        -1.95922     -1500.02845        -0.20856        -0.01616        -5.46131         5.46532           0
        4276       -39.02355        -1.66389     -1499.92479        -0.77970        -0.09852       -19.56076        19.57654           0
        4286       -36.22025        -0.28761     -1500.12426         0.07060         0.03012        -0.35057         0.35887           0
        4286       -43.79381         0.34966     -1499.58536         0.30462         0.46118        -1.77225         1.85643           0
        4293       -41.29254         3.93881     -1499.76334        -0.01308        -0.15628        -0.76262         0.77858           0
        4346       -39.01918        -1.53845     -1499.92510        -1.42819        -0.08350       -36.37938        36.40750           0
        4355       -32.93569        -2.27025     -1500.35797         0.27771        -0.28188        -0.30567         0.50001           0
        4418       -40.78801         6.46485     -1499.79924        -0.00366         0.00235        -0.11253         0.11262           0
        4474       -41.91652         0.04437     -1499.71894        -0.19301         0.24465        -0.40499         0.51100           0
        4474       -32.55434         4.63347     -1500.38510         1.07377         3.47196        -3.68714         4.69127          -1
        4498       -37.96954        -2.12060     -1499.99979        -0.71852        -0.05661       -20.44670        20.45940           0
        4556       -40.49406         3.90790     -1499.82015        -0.05074         0.01289        -1.44781         1.44876           0
        4635       -34.68260         4.19324     -1500.23367        -0.18971         0.06883       -12.62166        12.62328           0
        4649       -39.04953        -4.76505     -1499.92294        -2.17974        -0.51166       -50.43929        50.48896           0
        4649       -33.88368        -1.44478     -1500.29051        -2.45128        -0.26686       -76.71323        76.75284           0
        4686       -41.32712        -0.83593     -1499.76088        -0.21867        -0.00525        -4.93514         4.93999           0
        4735       -36.11676         1.06137     -1500.13162        -0.22493         0.01014        -6.23355         6.23761           0
        4762       -37.64996         1.98871     -1500.02253         0.63508         0.14963        -1.62334         1.74956           0
        4782       -40.92222        -2.23057     -1499.78969         1.43854        -1.45732       -16.04307        16.17322           0
        4788       -35.35166        -6.14371     -1500.18606         0.46480        -0.03662        -1.07725         1.17382           0
        4788       -42.24671         4.41627     -1499.69545         0.38478        -0.48442        -0.72868         0.95587           0
        4807       -32.69295        -1.19696     -1500.37524        -3.39164         0.65037      -140.84279       140.37505          -1
        4807       -39.68902         3.64748     -1501.88249         0.08438         0.13164         0.31726         0.35370           0
        4807       -33.08732        -1.67403     -1500.34718        -0.16339         0.03233        -7.01242         7.01439           0
        4814       -41.84488         1.92948     -1499.72404        -0.02004        -0.00084        -0.65816         0.65846           0
        4827       -32.90710         2.43708     -1500.36000        -0.40230         0.04568       -20.69331        20.69727           0
        4851       -37.19130        -4.49644     -1500.05516         1.05337         0.17181        -1.95229         2.22498           0
        4851       -40.35938        -6.74960     -1499.82974         0.68967        -0.16932        -2.20219         2.31386           0
        4918       -43.57831         1.18029     -1499.60070        -0.08080         0.00548        -1.64138         1.64337           0
        4922       -35.69584         5.17821     -1500.16157        -0.19765         0.08185        -8.78831         8.79091           0
        4923       -41.58378         1.27803     -1499.74262        -0.41364         0.14330       -14.10910        14.11589           0
        4944       -38.00651         1.73038     -1499.99716        -0.08038         0.00573        -2.06435         2.06592           0
        4960       -41.29400        -0.91222     -1499.76323        -2.58409        -1.39166      -126.79979       126.32379          -1
        4960       -41.52124         1.21226     -1499.74707        -0.71267        -0.11804       -31.95265        31.96081           0
        4960       -41.23847        -1.18110     -1499.76719        -0.00757        -0.00383        -0.35325         0.35335           0
        4969       -37.74911         2.54193     -1500.01547        -0.31478         0.05316        -7.79636         7.80289           0
        4989       -31.80220        -2.62872     -1500.43862         0.70099         0.76525        -2.66609         2.86095           0
        5021       -38.22588        -4.09744     -1499.98155        -0.03000        -0.02205        -1.51380         1.51426           0
        5021       -39.94106        -1.26423     -1499.85950        -0.10879        -0.03201        -4.48640         4.48784           0
        5021       -39.79958        -0.68992     -1499.86957        -0.00355        -0.00077        -0.13928         0.13933           0
        5040       -35.47350         2.63549     -1500.17739        -0.10971         0.04642        -7.88827         7.88917           0
        5042       -33.69783        -1.29747     -1500.30374        -0.68342        -0.04160       -21.13992        21.15100           0
        5091       -35.94199         2.58667     -1500.14406        -0.73422        -0.99669       -37.38843        36.90141           1
        5093       -43.58172        -1.57811     -1499.60045        -0.38057        -0.01887        -7.99666         8.00573           0
        5138       -40.40533        -6.16101     -1499.82647        -0.33979        -0.12631        -9.63075         9.63757           0
        5175       -38.28717         6.91510     -1499.97719        -0.21957         0.05877        -5.58575         5.59037           0
        5196       -32.84585         0.52311     -1500.36436        -0.01047         0.00454        -1.80009         1.80012           0
        5217       -35.99158         6.93634     -1500.14053        -0.12203         0.03560        -3.40706         3.40943           0
        5269       -33.68612         1.55697     -1500.30457         0.38581        -0.26221        -1.81803         1.87692           0
        5269       -33.81420         3.42321     -1500.29546         0.84467        -0.35514        -4.07930         4.18094           0
        5269       -43.23169         0.79785     -1499.62536        -0.10476        -0.41297        -2.64771         2.68177           0
        5269       -37.40615         1.27285     -1500.03987         0.25328        -0.33369        -2.33059         2.36794           0
        5269       -38.35976         0.96885     -1499.97202         0.14062        -0.24992        -1.65444         1.67911           0
        5269       -35.35967        -7.01711     -1500.18549         3.29969        -7.73349       -23.14617        24.62600           0
        5269       -33.94333        -4.21174     -1500.28627         0.37168        -0.58965        -2.16165         2.27124           0
        5269       -44.38574         0.44405     -1499.54324        -0.03793        -0.03190        -1.79747         1.79816           0
        5271       -31.33600         2.61162     -1500.47179        -0.26863         0.04069       -10.23791        10.24152           0
        5277       -41.04364         5.44842     -1499.78105        -0.93052         0.18871       -21.50798        21.52893           0
        5295       -34.34226        -5.27740     -1500.25788         0.00817        -0.01290        -0.15349         0.15425           0
        5296       -42.67601         3.10751     -1499.66490        -3.04826         0.32974       -65.84016        65.91152           0
        5306       -41.05459        -4.95070     -1499.78027        -0.42012        -0.06225        -9.59735         9.60674           0
        5321       -42.01174        -1.34757     -1499.71216         0.42628        -0.75377        -8.30846         8.35347           0
        5338       -37.65910        -4.77164     -1500.02188        -0.44987        -0.02659        -0.81593         0.93211           0
        5410       -36.95154        -5.89791     -1502.07728        -0.26857         0.02583         0.43396         0.51100           0
        5451       -37.15300         7.48009     -1500.76545         0.36706        -0.26267        -0.23957         0.51100           0
        5452       -39.41290         6.19096     -1499.89708         0.07874        -0.50442        -0.02203         0.51100           0
        5462       -33.15318         3.70730     -1500.34249        -0.26924         0.07355        -9.14633         9.15059           0
        5470       -42.57780         3.11583     -1499.67189         3.10266         2.95291       -13.78494        14.43505           0
        5470       -40.36063        -3.10332     -1499.82965         0.41623         0.03898        -1.33694         1.40078           0
        5473       -39.99429        -2.53531     -1499.85572        -0.19317        -0.01221        -4.46127         4.46547           0
        5479       -34.31227        -0.07056     -1500.26002        -4.72612         0.07974      -145.63106       145.70775           0
        5493       -45.20063         0.95820     -1501.36754         0.42744         0.20248        -0.40397         0.62201           0
        5508       -37.86223        -5.30255     -1500.00742        -0.05119        -0.01304        -1.87388         1.87462           0
        5531       -41.38551         3.71751     -1499.75672        -0.45916         0.05840       -10.06483        10.07547           0
        5657       -38.93313        -2.08128     -1499.93122        -0.65975         0.09486        -1.31050         1.47026           0
        5688       -34.08463        -5.49843     -1500.27622        -0.49381        -0.54512        -0.57430         0.93318           0
        5701       -39.60679        -3.13748     -1499.88329        -4.74202        -6.16876      -231.61876       231.23898           1
        5729       -43.90577         1.04259     -1501.58245         0.05014         0.09079         0.23881         0.26036           0
        5733       -32.08159        -0.71768     -1500.41874        -0.02585        -0.00031        -0.76274         0.76318           0
        5818       -34.98093         4.89637     -1500.21244        -0.33664         0.07253        -9.82681         9.83284           0
        5844       -33.99233         0.74066     -1500.28278        -1.25467         1.13321      -103.47197       102.97605           1
        5844       -34.84235         3.84578     -1502.22736        -0.04648         0.10203         0.49855         0.51100           0
        5915       -40.01792         0.22164     -1499.85403        -0.00774         0.02042        -0.51696         0.51742           0
        5932       -38.83926        -3.71825     -1499.93790        -0.27785         0.16022        -1.52439         1.55777           0
        5932       -35.70126        -4.34408     -1500.16118        -0.26504         0.23477        -2.75697         2.77962           0
        5932       -32.86113        -3.00406     -1500.36327         0.01029         0.21215        -1.66739         1.68087           0
        5963       -40.61651        -0.95235     -1499.81144         0.96783        -0.03182        -2.45987         2.64361           0
        5968       -37.09652        -4.10358     -1500.06190        -0.58352         0.23201        -1.30247         1.44595           0
        5993       -38.53703         4.12874     -1499.95941        -0.39410         0.14785       -10.16635        10.17506           0
        5993       -34.46760         1.12940     -1500.24896         0.44644         0.42843        -2.00644         2.09968           0
        5993       -40.33177         0.84240     -1499.83170         0.03243         0.14795        -0.76383         0.77870           0
        5993       -38.42265        -6.32061     -1499.96754         0.70378         0.12766        -5.97086         6.01355           0
        5993       -36.18162        -6.56876     -1500.12700         6.26977         0.52797       -35.65332        36.20425           0
        6002       -32.42537        -5.01133     -1500.39428        -0.03191         0.03724        -0.29205         0.29614           0
        6007       -35.14899         3.38784     -1500.20048        -0.58156        -0.07641        -0.99848         1.15802           0
        6054       -35.83673         0.00628     -1500.15155        -0.98037         0.00035       -27.55486        27.57230           0
        6061       -34.19778        -6.37231     -1500.26816        -0.15740        -0.01069        -4.38205         4.38489           0
        6065       -33.95605         5.72712     -1500.28536         0.02957         0.01609        -0.12100         0.12560           0
        6101       -31.78082         2.54486     -1500.44014         2.42693        -1.19853        -1.12978         2.93307           0
        6148       -31.40843        -1.57023     -1500.46664        -0.38478        -0.02467       -13.88166        13.88701           0
        6169       -34.33405         5.49202     -1500.25847        -0.76887         0.19535        -3.37175         3.46381           0
        6244       -38.58183        -0.84559     -1499.95622        -0.17893        -0.02221        -4.90938         4.91269           0
        6271       -41.82473         4.17274     -1499.72547         0.01198         0.16688        -0.48283         0.51100           0
        6311       -43.46285         3.61023     -1501.61397        -0.00368        -0.15574         0.12360         0.19886           0
        6312       -40.05575        -1.20214     -1499.85134        -0.01513        -0.00414        -0.45724         0.45751           0
        6368       -40.03017        -5.58503     -1499.85316        -0.03102        -0.00521        -0.97909         0.97960           0
        6422       -31.84193         0.61630     -1500.43579        -0.30603         1.87673        -3.39635         3.89242           0
        6496       -33.34313        -1.15420     -1500.32898        -0.24189         0.03443       -12.39052        11.89246           1
        6502       -32.26523         0.92172     -1500.40567        -0.01274        -0.01237        -1.62889         1.62899           0
        6508       -37.82603        -5.23959     -1500.01000        -1.63826        -0.43411       -34.24833        34.29024           0
        6551       -39.12516         5.29773     -1499.91756         0.59075         0.62537        -3.19578         3.30955           0
        6558       -31.36573        -2.71111     -1500.46968         0.00214         0.00050        -0.14252         0.14253           0
        6558       -36.69976        -6.75036     -1500.09014        -0.00008        -0.00037        -0.03899         0.03899           0
        6575       -36.50616        -6.57938     -1500.10391         0.36442        -0.14755       -12.02422        11.53049           1
        6614       -39.47506         1.37047     -1499.89266        -0.30789         0.01548        -7.49560         7.50194           0
        6645       -36.12820        -3.45886     -1500.13081        -0.20654        -0.02993        -5.73218         5.73598           0
        6664       -40.85048         2.03186     -1499.79479        -0.02802        -0.12574        -1.76750         1.77218           0
        6666       -38.79405        -0.08833     -1499.94112         0.03519        -0.01625        -0.43148         0.43322           0
        6672       -41.97360         4.72847     -1499.71488        -0.19092         0.06668        -5.30736         5.31121           0
        6684       -39.97027        -5.10310     -1499.85742        -0.11620        -0.02139        -2.77678         2.77929           0
        6688       -40.24022        -2.18553     -1499.83822         0.11010        -0.48013        -0.13593         0.51100           0
        6688       -38.98211         3.57450     -1499.92774         0.11116        -0.17029        -0.12511         0.23876           0
        6688       -42.08015         5.19563     -1499.70730        -0.05905        -0.40673        -0.45314         0.61176           0
        6698       -34.53002        -4.39546     -1500.24452        -0.22716        -0.27921       -12.72840        12.73349           0
        6707       -33.16671        -2.05094     -1500.34153        -0.06274        -0.00081        -2.75197         2.75269           0
        6709       -41.66981         0.77310     -1499.73649        -0.12744         0.00350        -2.86510         2.86793           0
        6717       -33.61623        -2.06880     -1500.30954        -0.83566        -0.52655        -1.57599         1.85993           0
        6726       -32.80793        -1.16336     -1500.36706        -0.04382        -0.31397        -0.40077         0.51100           0
        6746       -32.93372         0.45236     -1500.35811         0.49645         0.40410        -1.40519         1.54413           0
        6814       -32.71570         0.68215     -1500.37362         0.20519         0.19208        -0.42676         0.51100           0
        6835       -43.63920         0.81238     -1499.59636         0.32846         0.21934        -0.48595         0.62621           0
        6870       -37.01494         2.27097     -1500.06771        -0.30786         0.02921        -8.23456         8.24036           0
        6892       -31.68571         0.40363     -1500.44691        -0.31985        -0.44878       -54.23880        54.24160           0
        6946       -31.34664        -3.89531     -1500.47104        -0.00030        -0.00038        -0.05258         0.05258           0
        6948       -34.79594        -1.64880     -1500.22560        -0.29440         0.27946        -0.27174         0.19592          -1
        6957       -33.64959        -4.38808     -1500.30717         0.50387        -0.40807        -1.07936         1.25913           0
        6960       -38.80930         2.95257     -1499.94003        -0.85714         0.05682       -22.99725        23.01328           0
        6985       -32.09554        -2.86577     -1500.41775         0.42591        -0.32504        -1.28694         1.39401           0
        7015       -41.38812         1.17324     -1499.75654         0.22034         0.23658        -1.12618         1.17167           0
        7020       -37.00934        -2.23945     -1500.06811        -0.13964         0.32055        -0.71232         0.79350           0
        7081       -39.47072         2.09206     -1499.89297         0.60196        -0.15608        -0.54170         0.82472           0
        7081       -43.36627         1.30317     -1499.61578         1.21499        -1.55960        -2.98890         3.58358           0
        7081       -43.86053         3.10105     -1499.58061         0.21655        -0.06648        -0.44174         0.49643           0
        7081       -41.49115        -3.39286     -1499.74921         1.56106        -1.28562        -3.70959         4.22502           0
        7092       -38.16343         1.18335     -1499.98599        -0.08466        -0.00779        -6.76179         6.76232           0
        7104       -43.09035         3.79483     -1499.63542         0.23460         0.79649        -0.72776         1.10411           0
        7104       -43.11361         1.66440     -1499.63376         0.17297         0.56324        -1.38674         1.50672           0
        7104       -40.74390         2.82740     -1499.80238         0.37222         0.49387        -0.24179         0.66402           0
        7104       -43.10921        -2.97610     -1499.63407        -0.07854        -0.00578        -2.34674         2.34806           0
        7110       -40.82759        -5.10239     -1499.79642        -2.52865        -1.20772       -68.18410        68.24166           0
        7120       -34.49537         1.48406     -1500.24699        -0.19685         0.01296        -5.86737         5.87069           0
        7126       -41.29554        -0.20149     -1499.76313        -0.00944         0.65619        -0.72662         0.97911           0
        7126       -42.07259        -2.63338     -1499.70784        -0.18605         0.00105        -4.78429         4.78790           0
        7126       -38.10565         6.65892     -1499.99010        -0.18915         0.14071        -6.39817         6.40251           0
        7126       -36.05006         5.64912     -1500.13637        -0.05683         0.04507        -2.29707         2.29822           0
        7126       -36.05053         4.02644     -1500.13633        -0.24091         0.15405        -9.73675         9.74095           0
        7155       -35.76953        -5.87922     -1500.15633        -0.45006        -0.91144       -82.07119        81.56808           1
        7155       -35.77919        -5.89930     -1501.99635        -0.46065        -0.94325       -82.06832        81.56562           1
        7155       -35.77919        -5.89930     -1501.99635         0.01386         0.04399        -0.00265         0.00208          -1
        7155       -35.75402        -5.87098     -1502.00067         0.02677         0.03423        -0.00814         0.00191          -1
        7155       -35.74357        -5.83993     -1502.01926         0.02690         0.03026        -0.00345         0.00161          -1
        7155       -35.71268        -5.82358     -1502.00828         0.03009         0.00943         0.00150         0.00097          -1
        7155       -35.69846        -5.79656     -1502.00722        -0.01986        -0.00903         0.00451         0.00049          -1
        7196       -37.53195         3.55303     -1500.03092         2.68968         0.70861        -2.55465         3.77660           0
        7200       -34.69674         1.51493     -1500.23266        -0.04779         0.00582        -1.64558         1.64628           0
        7207       -34.86334         5.79901     -1500.22081        -0.70426         0.27067       -23.95821        23.97009           0
        7252       -39.35794         2.97593     -1499.90099        -0.10956         0.13447        -9.24450         9.24612           0
        7270       -40.30362         1.90987     -1499.83370        -0.65539         0.26597       -18.17094        18.18470           0
        7280       -42.49235         4.69188     -1499.67797        -0.08817         0.02373        -1.74353         1.74592           0
        7298       -35.58717        -6.66261     -1500.16930         0.41833        -0.08902        -0.47628         0.64013           0
        7304       -40.26663         4.27603     -1499.83634        -0.04116        -0.02899        -2.12532         2.12591           0
        7310       -31.26735        -2.37673     -1500.47668        -0.05460        -0.02087        -3.88654         3.88698           0
        7336       -37.22751        -6.34058     -1500.05258        -1.03670         0.61476       -60.32296        59.82617           1
        7336       -43.80166        -3.21183     -1499.58480        -0.06699         0.01473        -1.72379         1.72516           0
        7356       -34.35454        -3.00488     -1500.25701        -0.97923         0.35090       -60.58649        60.08658           1
        7396       -35.65512         0.32610     -1500.16447        -0.76610        -1.04279       -51.45001        50.95782           1
        7446       -37.99965         6.95738     -1499.99764        -0.05775        -0.27917        -0.20129         0.34898           0
        7462       -40.83528         3.45303     -1499.79588        -0.24468         0.31876       -11.74141        11.74828           0
        7467       -40.16748         4.56118     -1499.84339        -0.30093         0.05091        -7.12080         7.12733           0
        7502       -30.61684         2.26088     -1500.52296        -0.09442         0.09802        -5.13927         5.14107           0
        7507       -34.34486         0.55777     -1500.25770        -0.18218         0.11968        -8.19752         8.20042           0
        7510       -33.19012         4.80491     -1500.33986        -0.13155         0.46882       -23.00416        23.00931           0
        7541       -38.09682        -5.49259     -1499.99073        -0.16131        -0.04880        -4.81156         4.81451           0
        7606       -33.59498         4.50452     -1500.31106        -0.36040         0.26166        -0.97178         1.06898           0
        7633       -35.73502        -3.88468     -1500.15878        -0.21978        -0.03637        -6.29774         6.30168           0
        7634       -44.62939        -1.50719     -1499.52591        -0.19588        -0.00888        -3.97885         3.98368           0
        7640       -42.55098        -2.75746     -1499.67379        -1.01984        -0.09718       -21.59360        21.61789           0
        7645       -34.36236        -1.40133     -1500.25645        -0.61678         0.00170       -23.62209        23.63014           0
        7709       -41.45385         0.79832     -1499.75186        -0.20387         0.00531        -4.62251         4.62700           0
        7723       -42.98535        -0.42161     -1501.64794         0.02216         0.00584         0.06139         0.06553           0
        7733       -35.93582        -4.89611     -1500.14449        -0.29850        -0.08097        -8.48440         8.49004           0
        7747       -37.98609         2.97853     -1499.99861         0.48016        -0.69135        -2.36472         2.51006           0
        7767       -41.63351         5.47191     -1499.73908        -0.87282         0.16588       -20.04308        20.06276           0
        7768       -38.85349         1.16772     -1499.93689        -0.59666        -0.16271       -32.12457        31.62359           1
        7768       -32.56278         3.20024     -1500.38450        -3.01719        -3.28264       -38.45031        38.20033          -1
        7817       -37.43862        -1.33402     -1500.03756        -0.10658         0.02498        -8.54862         8.54932           0
        7858       -37.43115        -3.90507     -1500.03809         0.48798         0.60533        -1.38116         1.58497           0
        7884       -39.19103         3.66108     -1499.91287        -1.82681         2.51746       -83.65331        83.20168           1
        7884       -39.12177        -6.21202     -1499.91780        -0.22330         0.08039        -8.97169         8.97483           0
        7902       -30.71703         0.56375     -1500.51584         0.16984        -0.27742        -0.63116         0.71005           0
        7904       -30.80892         0.05007     -1500.50930         0.17211         0.01409        -0.31461         0.35888           0
        7907       -44.61289        -1.21999     -1499.52708         1.98245        -3.51232       -15.23334        15.75820           0
        7939       -36.42117        -1.40259     -1500.10996        -0.16495        -0.03842        -5.58095         5.58352           0
        7981       -36.00751         0.60973     -1500.13939        -1.26187        -0.53136       -56.62311        56.63967           0
        7986       -37.75685         6.70999     -1500.01492         1.11388        -0.34991       -11.68036        11.73856           0
        7986       -35.58548         2.25844     -1500.16942         0.12959        -0.30273        -0.93249         0.98893           0
        7986       -41.86524         5.31704     -1499.72259         0.08341        -1.52151       -24.81810        24.86483           0
        8013       -34.21050         3.06258     -1500.26726        -0.22749         0.03167        -6.86723         6.87107           0
        8025       -38.76967        -5.24068     -1499.94285        -0.50725        -0.33053        -1.68352         1.78907           0
        8025       -34.43256         2.47946     -1502.25651         0.12249         0.15110         0.13772         0.23833           0
        8080       -38.69257        -2.09282     -1499.94834         0.18716        -0.31725       -11.54991        11.05607          -1
        8082       -37.37228         6.25399     -1500.04228         0.04112         0.01843        -0.14727         0.15401           0
        8082       -39.02655         0.02866     -1499.92457         0.00761         0.24422        -0.64796         0.69250           0
        8082       -40.15068        -5.81966     -1499.84459        -0.36905         0.51449        -7.66397         7.69008           0
        8161       -37.26506        -4.66688     -1500.04991        -0.26508        -0.05241        -6.95614         6.96139           0
        8182       -37.63275         4.49241     -1500.02375         0.58279        -0.42956        -2.61541         2.25046          -1
        8205       -33.32764         4.25738     -1500.33008        -0.42552        -0.43384        -0.69805         0.92550           0
        8207       -42.62759         2.18415     -1499.66834         0.39681         0.60599        -3.30091         3.37945           0
        8240       -41.05484        -5.19251     -1499.78025        -0.27249        -0.06290        -6.03842         6.04489           0
        8268       -33.33233         1.10792     -1500.32974        -0.00349         0.00444        -0.36175         0.36180           0
        8329       -37.93261        -2.21880     -1500.00241        -2.78158        -0.23819       -71.86763        71.92183           0
        8332       -39.59801        -7.24920     -1500.33566         1.00251         0.62889        -0.80844         1.43321           0
        8381       -39.02372        -6.52877     -1499.92478        -0.44170        -0.08276        -0.46715         0.64821           0
        8393       -34.27312        -2.94471     -1500.26280         0.00663         0.01577        -1.58780         1.58789           0
        8407       -42.21786         1.74107     -1499.69750        -4.64797        -3.10344       -24.66566        24.78507           1
        8407       -35.33576         6.92544     -1502.19225        -0.02537         0.43313         0.26995         0.51100           0
        8446       -38.65674        -4.35521     -1499.95089        -0.23212        -1.22543        -3.43916         3.65833           0
        8454       -43.96630         3.32336     -1499.57309         0.25987        -0.00310        -1.11010         1.14011           0
        8488       -34.41090         0.24963     -1500.25300        -0.60182        -0.03501       -19.00857        19.01813           0
        8508       -37.54527        -4.32343     -1500.02997        -0.37782        -0.08753       -10.23055        10.23790           0
        8510       -40.58686        -5.10073     -1499.81355        -0.88313        -0.38671       -41.04739        40.55089          -1
        8532       -34.26891        -4.21647     -1500.26310        -0.81152        -0.13400       -25.09755        25.11102           0
        8555       -39.29475         0.25830     -1499.90549        -0.49307        -0.04831       -11.65871        11.66923           0
        8572       -34.90478        -6.69367     -1500.21786        -0.53266        -0.23706       -15.74853        15.75932           0
        8579       -36.14052         7.03778     -1500.12993         0.21992        -0.44423        -0.12414         0.51100           0
        8594       -32.78109        -0.53004     -1500.36897         0.99389         0.42695        -1.46425         1.82048           0
        8640       -37.05488        -4.41121     -1500.06487        -0.22317        -0.05682        -5.57075         5.57550           0
        8831       -40.61558        -2.67247     -1499.81151         1.15149        -0.57003        -4.28673         4.47515           0
        8832       -43.20434        -2.75678     -1499.62731        -0.36148        -2.43514        -8.93094         8.76711           1
        8853       -39.55102         6.23924     -1499.88726         0.00179         0.00860        -0.12499         0.12530           0
        8860       -41.20073        -6.29403     -1499.76987        -0.05023        -0.26287        -0.12809         0.29670           0
        8932       -34.03371         0.61650     -1500.27984         0.02818        -1.27391        -1.77577         2.18563           0
        8977       -37.22167         4.36198     -1500.05300         0.27927        -0.03872        -1.28203         1.31266           0
        8981       -39.77824        -1.55346     -1499.87109        -0.22969        -0.01300        -5.52825         5.53303           0
        8998       -35.86973        -2.93253     -1500.14920        -0.10832        -0.62160       -24.89697        24.39921          -1
        9045       -39.76096         2.59532     -1499.87232         5.38797         5.15397        -9.34277        11.45320           1
        9045       -36.97697        -0.09821     -1502.07547        -0.50316        -0.77196         1.07601         1.41665           0
        9045       -41.48926        -0.65060     -1499.74934         0.22932         0.12783        -0.61632         0.66991           0
        9045       -43.83528        -1.16437     -1499.58241         0.20504         0.30345        -2.10372         2.13536           0
        9045       -39.85743        -5.47785     -1499.86545        -0.00507        -0.00346        -0.51202         0.51206           0
        9077       -37.13830        -7.18909     -1500.05893        -0.01913         0.11717        -0.38177         0.39981           0
        9085       -42.88047        -0.43731     -1499.65035        -0.11772         0.02909        -3.68323         3.68522           0
        9085       -41.46759        -1.19598     -1499.75088        -0.08809         0.01873        -3.07153         3.07285           0
        9098       -36.43462        -3.27453     -1500.10900         0.12650        -0.10615        -0.69648         0.71579           0
        9168       -35.09367         2.08703     -1500.20442        -1.85313         0.59646       -89.44911        89.47029           0
        9170       -37.76032        -2.01237     -1500.01467        -0.37448        -0.02957        -9.73173         9.73898           0
        9220       -32.80274         0.35076     -1500.36743        -0.16878         0.00845        -6.54340         6.54559           0
        9248       -36.89890         6.77436     -1500.07597        -0.15488         0.10765        -5.53082         5.53403           0
        9274       -35.58499         4.97102     -1500.16946        -0.00004         0.00086        -0.06496         0.06497           0
        9322       -35.01112        -3.52911     -1500.21029         0.01164        -0.01784        -0.22632         0.22732           0
        9403       -36.39661         5.80204     -1500.11171        -0.50065         0.57559        -0.83666         1.13224           0
        9445       -40.49841        -0.93899     -1499.81984         0.29153        -0.01827        -0.41928         0.51100           0
        9445       -34.11286         2.15422     -1500.27421         0.31617        -0.02114        -0.13544         0.34461           0
        9469       -37.61724         6.34240     -1500.02485        -0.00105         0.00117        -0.74791         0.74791           0
        9474       -35.78026         2.34330     -1500.15556        -0.59810         0.31259       -26.90772        26.91618           0
        9478       -37.65914         0.14623     -1500.02187        -0.38450         0.00306        -9.99545        10.00284           0
        9480       -33.00160         5.39945     -1500.35328         1.43321        -0.92551        -1.89585         2.55047           0
        9480       -40.41036         0.49979     -1499.82611         0.10212        -0.03768        -0.46967         0.48212           0
        9480       -33.87287         1.19222     -1500.29128         0.66714        -0.17492        -1.67765         1.81388           0
        9491       -35.70934        -3.10403     -1500.16061         0.64236        -1.45860       -32.59674        32.12868          -1
        9491       -33.84656        -4.96549     -1500.29315        -0.03873         0.04770        -2.80590         2.80657           0
        9512       -35.09571        -5.60323     -1500.20427        -0.79232        -0.22520       -23.44004        23.45451           0
        9575       -43.45377         1.31789     -1499.60956        -0.17439         0.13800        -0.39646         0.45457           0
        9575       -40.61927         2.88765     -