           4       -31.37914         0.68807     -1500.46872        -0.62703         0.01478       -21.91423        21.92321           0
          22       -40.64657        -0.50555     -1499.80930        -0.09501        -0.00211        -2.09410         2.09626           0
          46       -36.12391        -0.91472     -1500.13111        -0.02659         0.34304        -0.24817         0.42423           0
          86       -37.98178        -6.99890     -1499.99891        -0.28841        -0.08183        -7.45237         7.45840           0
         126       -38.87458        -5.36854     -1499.93539        -0.44275        -0.11757       -12.14307        12.15171           0
         137       -40.30290         1.02193     -1499.83376         0.41988        -0.08746        -9.07924         9.08936           0
         164       -37.75863         1.86743     -1500.01479        -0.54696         0.03885       -14.31698        14.32748           0
         202       -31.33756         3.95898     -1501.09139        -0.40293        -0.03770        -0.31201         0.51100           0
         226       -39.77863        -3.33523     -1499.87106        -0.10104        -0.01991        -0.43896         0.45088           0
         266       -35.93681         3.72400     -1500.14442         0.17124         0.03585        -0.41385         0.44931           0
         274       -34.82807        -4.90647     -1500.22332        -0.00254        -0.00670        -0.28581         0.28590           0
         319       -38.04248         6.05990     -1499.99460        -0.00844         0.00428        -0.27197         0.27213           0
         319       -35.31301        -0.23912     -1500.18881        -1.09578         0.05238       -44.34309        44.35665           0
         342       -41.86526        -5.27724     -1499.72259        -0.08421        -0.02096        -0.70549         0.71081           0
         349       -31.22882         2.65258     -1500.47942         0.00019        -0.00015        -0.03907         0.03907           0
         368       -33.90625         5.68006     -1500.28891        -0.08962         0.03546        -4.04908         4.05022           0
         428       -41.41819         4.44892     -1499.75440        -0.11018         0.01703        -2.46292         2.46544           0
         430       -33.22135         3.62430     -1500.33764        -0.94550         0.05255       -46.36886        46.37853           0
         466       -43.01789         0.84353     -1499.64057         1.42330         0.74369        -3.43308         3.79011           0
         496       -41.10644        -1.81912     -1499.77658         0.45417        -0.32465        -2.01770         2.09351           0
         496       -38.92769        -4.71486     -1499.93161         0.62623        -0.54760        -1.74681         1.93478           0
         496       -41.05585         3.66302     -1499.78018         0.00209        -0.06188        -0.27553         0.28240           0
         496       -34.71848         4.89591     -1500.23111         0.23822        -0.00535        -0.44706         0.50660           0
         572       -40.21003        -4.36822     -1499.84036        -0.04836        -0.02296        -1.32083         1.32192           0
         572       -36.37513         1.02946     -1500.11324        -0.01377        -0.00280        -0.48100         0.48121           0
         609       -33.37346         5.47937     -1500.32682        -0.02592         0.02666        -1.62486         1.62528           0
         667       -32.52056         0.28882     -1500.38751         0.54806         0.35759        -1.29604         1.45188           0
         679       -37.44505         0.97899     -1500.03711        -0.00645         0.00114        -0.24872         0.24880           0
         684       -32.79214         1.45576     -1500.36818        -0.49726         0.24824       -36.19467        36.19894           0
         693       -43.98619         1.86805     -1499.57167        -0.19950         0.06144        -4.69262         4.69726           0
         786       -31.26685        -1.09674     -1500.47671        -0.10984         0.00246        -4.39936         4.40073           0
         793       -38.05130        -0.80184     -1499.99397         0.00085         0.00063        -0.05057         0.05058           0
         796       -40.49686        -4.35023     -1499.81996        -0.33726        -0.07480        -9.22599         9.23246           0
         802       -41.75757         0.91909     -1499.73025        -0.19375         0.00485        -4.32670         4.33104           0
         817       -45.07578        -1.51942     -1500.93826         0.40752        -1.15819        -3.68978         3.88870           0
         819       -44.52277        -3.04943     -1500.10392         3.28681         2.08684         1.71907         3.77553          -1
         819       -44.49790        -3.10928     -1500.13408         0.45512         0.08936         0.02029         0.46425           0
         819       -44.48580        -3.12372     -1500.05702         0.09854         0.00994         0.04009         0.10685           0
         819       -44.70657        -2.65498     -1500.40067         0.23229         0.43648        -0.02114         0.49489           0
         835       -43.65913        -1.88810     -1499.59495        -0.64057        -0.90790        -2.92172         2.65636          -1
         878       -31.83556        -1.73258     -1500.43625        -0.16387        -0.01455        -5.55056         5.55300           0
         889       -33.38893        -0.12827     -1500.32572         0.72824        -0.21652        -1.57135         1.74538           0
         889       -41.15433         0.46449     -1499.77317         5.18415        -1.44829        -5.27438         7.53605           0
         901       -44.17350        -2.96638     -1499.55835        -0.80177         0.39942        -0.21597         0.92142           0
         905       -38.04570        -2.35793     -1499.99437         0.39829         0.27654        -1.66043         1.72978           0
         950       -38.72152         6.26449     -1499.94628        -0.74798         0.17984       -18.68666        18.70249           0
         959       -36.75135         3.57391     -1500.08647        -0.01403         0.00705        -0.49556         0.49581           0
         981       -31.52835         2.93333     -1500.45811        -0.53282         0.08136       -18.33996        18.34788           0
        1019       -31.18180        -2.49072     -1500.48276         0.01620        -0.00337        -0.08042         0.08210           0
        1022       -36.44409         1.17037     -1500.10833         0.25385         0.09648        -0.66713         0.72029           0
        1026       -32.57217         3.76030     -1500.38383        -0.34229         0.10170       -14.13947        13.64221          -1
        1041       -36.72120         2.76643     -1500.08861         0.48434         0.20549        -1.22444         1.33269           0
        1041       -37.63434        -0.81074     -1500.02364        -0.29735        -0.13623        -0.08641         0.33829           0
        1130       -32.01768         0.91140     -1500.42329        -0.05226        -0.33471        -9.73528         9.74117           0
        1140       -42.01238        -3.00213     -1499.71212        -0.74010        -0.08107       -16.20347        16.22057           0
        1216       -35.30755         5.55647     -1500.18920        -0.20632         0.02334        -3.51720         3.52332           0
        1228       -38.21162        -2.61384     -1499.98256        -0.19812        -0.01995        -5.06003         5.06395           0
        1230       -39.40441        -4.85666     -1499.89769        -0.20339        -0.11200        -0.30824         0.38591           0
        1235       -32.10901        -2.78903     -1500.41679         0.17379        -0.32269        -7.77787         7.78650           0
        1263       -42.68523        -0.83583     -1499.66424        -0.07237        -0.00574        -1.75259         1.75410           0
        1279       -36.05590        -4.42295     -1500.13595         0.06746         0.13045        -0.48944         0.51100           0
        1333       -31.43226         0.09345     -1500.46494        -0.18553         0.05045        -9.41513         9.41709           0
        1382       -34.60285         4.66822     -1500.23934        -0.00182         0.00023        -0.11553         0.11555           0
        1425       -37.20319         6.18627     -1500.05432         0.67044         0.32148        -1.26961         1.47130           0
        1425       -41.86089         2.74263     -1499.72290        -0.45643         0.04222       -10.21530        10.22558           0
        1439       -43.22508        -4.93740     -1499.62583         0.43327         0.09400        -1.72872         1.78466           0
        1440       -40.95764         4.71302     -1499.78717        -0.44849         0.05554        -9.95273         9.96299           0
        1461       -42.77890         0.37899     -1499.65758         1.43563        -0.41243        -2.46919         2.88583           0
        1461       -44.13765         3.59608     -1499.56090         0.67905         0.57213        -0.82303         1.21071           0
        1472       -39.58105        -3.08563     -1499.88512        -0.00914        -0.00039        -0.30208         0.30222           0
        1501       -39.27896         2.93477     -1499.90661        -0.14954         0.01691        -3.68313         3.68620           0
        1627       -36.92534         4.42389     -1500.07409        -0.00721        -0.00322        -0.33694         0.33703           0
        1637       -40.41046         4.20412     -1499.82610        -0.11960         0.01822        -2.82857         2.83116           0
        1656       -45.04943         1.03181     -1499.49602         0.46378         0.14916        -0.61373         0.78359           0
        1673       -38.40017         7.18268     -1499.96914        -0.29609         0.08390        -7.44895         7.45531           0
        1707       -35.12477        -5.49619     -1500.20220         0.36824         0.30184        -0.60173         0.76732           0
        1749       -39.78994        -4.49570     -1499.87026         0.88655        -0.61927       -10.52525        10.58066           0
        1749       -40.48073        -3.49834     -1499.82110         0.04524        -0.02346        -0.67242         0.67435           0
        1749       -33.49061        -0.04849     -1500.31848         1.41017         0.25939        -6.34640         6.50636           0
        1749       -40.78868         3.13645     -1499.79919        -0.51247         0.67236        -1.27885         1.53302           0
        1749       -37.79274         5.36799     -1500.01237         5.77628         7.42888       -46.32468        47.27082           0
        1749       -41.09236         0.79423     -1499.77758         0.29624         0.64458        -5.93445         5.97670           0
        1749       -36.32232        -6.11841     -1500.11699         0.67384        -0.43025        -4.48410         4.55481           0
        1749       -40.10228         3.19465     -1499.84803         0.09533         0.15257        -0.65455         0.67882           0
        1771       -34.88025        -5.56424     -1500.21960         0.02185        -0.07509        -1.50130         1.50333           0
        1800       -40.36248        -1.95933     -1499.82952         2.50086         1.45633       -57.25857        57.33166           0
        1800       -39.23326        -1.07765     -1499.90987         0.29489         0.19188        -4.39931         4.41336           0
        1800       -40.37307        -4.27676     -1499.82876        -0.01280         0.00049        -0.42922         0.42941           0
        1805       -33.90983         6.45410     -1501.31838         0.76133        -2.30960        -3.84363         4.54834           0
        1813       -34.30828        -5.37197     -1500.26030        -0.09239         0.06868        -4.66320         4.66462           0
        1849       -32.13562         3.98899     -1500.41490        -4.97709        -3.37740        -2.96682         6.21517           1
        1868       -37.23466         4.59628     -1500.05208        -0.29950         0.02665       -10.76328        10.76748           0
        1938       -33.20606         4.61630     -1500.33873        -0.12739         0.06079        -6.23829         6.23988           0
        2040       -41.20653         6.12661     -1499.76946        -0.40023         0.10981        -8.88445         8.89414           0
        2074       -42.30763        -3.67670     -1499.69111        -0.68009        -0.16509       -17.52388        17.53785           0
        2095       -41.04681         4.29811     -1499.78082        -0.01993         0.02620        -0.88093         0.88154           0
        2108       -36.00192        -0.21640     -1500.13979        -0.24423        -0.00312        -6.84953         6.85388           0
        2119       -33.52768         6.08989     -1500.31584         0.40943        -0.33667        -4.89883         4.92742           0
        2124       -37.25599        -1.20807     -1500.05056        -0.50507        -0.02359       -13.44397        13.45348           0
        2124       -42.20982         0.72598     -1501.70313        -0.10959         0.06768         0.49450         0.51100           0
        2183       -33.11185        -0.64781     -1500.34543         1.12874        -0.01905        -1.80599         2.12979           0
        2191       -40.20044         5.39154     -1499.84105         0.01545         0.04253        -0.24693         0.25104           0
        2191       -31.46502        -4.14107     -1500.46261        -3.16393         1.60321        -8.54412         8.75419          -1
        2191       -37.89104        -7.42451     -1500.00537         0.38527        -0.38661        -4.95649         4.98645           0
        2220       -43.54919         3.65041     -1499.60277         4.93285        -3.93169       -40.92639        41.40967           0
        2220       -44.02130         3.09983     -1499.56917         0.15674        -0.32582        -2.32009         2.34809           0
        2220       -43.21140        -1.87783     -1499.62680         0.04074        -0.20289        -0.35862         0.41404           0
        2220       -33.87403         5.60646     -1500.29120         0.28357         0.09313        -0.22854         0.37592           0
        2270       -34.96682        -6.89744     -1500.21344         0.01333        -0.02495        -2.59762         2.59778           0
        2270       -39.14924         5.32048     -1499.91584        -0.01747         0.00945        -0.81754         0.81778           0
        2307       -35.21574        -6.07503     -1500.19573        -0.82977        -0.22399       -23.99751        24.01289           0
        2330       -36.19796         0.69045     -1500.12584        -0.02098        -0.10757        -0.49911         0.51100           0
        2333       -37.10505         0.94812     -1500.06130        -0.03252         0.00332        -1.22525         1.22569           0
        2374       -38.80111         6.33070     -1499.94062        -0.79707         0.73886       -29.42396        29.44403           0
        2390       -33.97629         0.97075     -1500.28392        -1.92712         0.36172      -139.92866       139.43233           1
        2390       -45.02220        -1.79044     -1501.04925         0.34457         0.02690        -0.29523         0.45455           0
        2415       -39.48542         3.10963     -1499.89192        -0.03203         0.00138        -0.27588         0.27774           0
        2415       -33.41289        -2.21568     -1500.32401         0.02402        -0.00691        -0.28727         0.28835           0
        2464       -44.72043         1.54644     -1499.51943        -0.17043         0.56441        -0.35088         0.68609           0
        2464       -37.05233        -2.66809     -1500.06505        -0.11538        -0.01927        -3.24661         3.24872           0
        2468       -41.03507         2.91283     -1499.78166         0.30219        -0.44320        -0.75280         0.92436           0
        2490       -35.41013        -1.01502     -1500.18190        -0.14288        -0.07589        -6.00404         6.00622           0
        2523       -35.74446         2.60066     -1500.15811        -0.18887        -0.01165        -4.20563         4.20989           0
        2535       -34.58629        -3.98077     -1500.24052         0.83126         0.61357        -4.40635         4.52586           0
        2553       -39.06959        -3.75345     -1499.92151        -0.62000        -0.08782       -15.30929        15.32209           0
        2567       -30.38385        -1.78009     -1500.53954        -0.00875        -0.00742        -1.22209         1.22214           0
        2578       -40.06140        -6.08829     -1499.85094        -0.00789        -0.01979        -0.66530         0.66565           0
        2600       -40.57064         4.99144     -1499.81471        -0.22124         0.03945        -5.15729         5.16218           0
        2676       -36.06871         1.06042     -1500.13504        -0.10880         0.00707        -3.14684         3.14872           0
        2705       -38.44019         6.76103     -1499.96630        -1.08153         0.28075       -27.32702        27.34986           0
        2745       -35.30778        -3.22440     -1500.18918        -0.80522        -0.11346       -25.45216        25.46514           0
        2745       -37.45351         0.68986     -1502.04156        -0.05341         0.06305         0.17686         0.19521           0
        2745       -37.86826         5.02428     -1502.01205         0.08432         0.08493         0.22792         0.25743           0
        2745       -33.58089         1.07979     -1502.31711         0.24138         0.12450         1.34590         1.37303           0
        2753       -36.33604         1.06185     -1502.12107        -0.09420         0.32617         0.15466         0.37307           0
        2755       -38.77128        -4.19492     -1499.94274        -0.25585        -0.04116        -6.39877         6.40401           0
        2755       -44.78604        -1.25920     -1499.51476        -0.14411        -0.00546        -2.92982         2.93337           0
        2762       -35.76179         2.53164     -1500.15688         0.27086         0.11261        -1.30735         1.33985           0
        2805       -42.47714         1.87429     -1499.67905         1.39085         1.88357        -5.63599         6.10301           0
        2826       -32.93473         5.58847     -1500.35804         4.75521         2.21163        -8.86918        10.30368           0
        2847       -37.44827         3.92224     -1500.03688        -0.32327         0.05072        -8.52033         8.52661           0
        2850       -39.76526         7.21687     -1501.02367         0.78751        -0.53256        -4.89658         4.98801           0
        2852       -36.71483        -0.78292     -1500.08906        -0.44682        -0.01822       -11.94030        11.94867           0
        2852       -35.44185         2.19475     -1500.17964        -0.10613         0.01047        -2.99467         2.99657           0
        2871       -39.15086         5.14384     -1499.91573        -0.53714         0.12481       -13.43196        13.44327           0
        2906       -42.87583        -3.65570     -1499.65068        -0.36864        -0.04398        -7.94714         7.95580           0
        2949       -31.91374        -0.05866     -1500.43068         0.44137         0.10158        -2.03984         2.08952           0
        2949       -39.57133        -2.51114     -1499.88581         0.17841        -0.00657        -3.18979         3.19478           0
        2949       -37.41921        -0.75723     -1500.03894         1.65029         0.46587       -14.57288        14.67342           0
        2949       -43.07187         1.70606     -1499.63673        -0.13696         0.60533        -6.76471         6.79312           0
        2949       -43.55639        -0.66667     -1499.60226        -0.05138         0.06932        -1.88339         1.88536           0
        2949       -43.41701        -0.47783     -1499.61217        -0.03917         0.06541        -1.60653         1.60834           0
        2972       -39.17101        -6.94574     -1499.91430        -2.92713        -8.59146       -16.99631        19.26800           0
        2994       -37.88342         1.55272     -1500.00591        -0.10707         0.02805        -3.14215         3.14410           0
        3041       -43.71917        -4.38861     -1499.66093         2.04402        -0.08564        -1.65449         2.63110           0
        3043       -37.44362        -5.91913     -1500.03721        -0.80446        -0.31165       -26.78968        26.80357           0
        3051       -36.54266        -3.02300     -1500.10132        -0.21065        -0.26995        -0.68434         0.76523           0
        3094       -36.81871         6.76102     -1500.08167        -0.00605         0.00148        -0.24357         0.24365           0
        3202       -38.54685        -0.03528     -1499.95871         0.33016         0.03000        -0.38886         0.51100           0
        3224       -32.15718         0.23229     -1500.41336         0.22098        -0.28709        -0.66761         0.75957           0
        3297       -42.95342        -5.37940     -1500.95752         0.94074         0.54232        -2.00477         2.27996           0
        3365       -42.48329         0.94856     -1499.67861        -0.00218        -0.00004        -0.08309         0.08311           0
        3371       -44.84912        -1.56982     -1499.51027         0.29619         0.00110        -0.44614         0.53551           0
        3377       -43.74666         1.53668     -1499.58872         1.06717         0.31433        -6.49896         6.59349           0
        3385       -32.56657        -2.74381     -1500.38423        -0.32258        -0.76431       -26.28990        25.79695          -1
        3428       -37.32007         2.10284     -1500.04600        -0.16819         0.06582        -6.88466         6.88703           0
        3439       -42.16444         1.66962     -1499.70130        -0.27349         0.00202        -5.93369         5.93999           0
        3441       -34.34520        -2.13571     -1500.25767        -0.11727        -0.00819        -3.42520         3.42722           0
        3510       -40.71064        -3.44205     -1499.80474         0.02623        -0.03731        -0.50896         0.51100           0
        3514       -37.87613        -6.70892     -1500.00643        -0.36976        -0.09832        -9.58383         9.59147           0
        3518       -43.41625        -2.86623     -1499.61223        -0.12090        -0.01000        -2.52759         2.53050           0
        3518       -44.82405        -0.67103     -1499.51206        -0.13948        -0.00196        -2.79645         2.79993           0
        3519       -39.01691        -3.40788     -1499.92526        -4.10678        -1.42593      -169.25317       168.79877          -1
        3528       -43.72592        -0.56064     -1499.59019        -0.45055         0.03238        -7.16767         7.18189           0
        3581       -41.50165        -4.14707     -1499.74846        -0.10108        -0.01465        -2.28956         2.29184           0
        3600       -37.07597         6.69869     -1500.06337         0.41744         0.34511        -1.45366         1.55129           0
        3624       -41.01518        -3.10861     -1499.78307        -0.03647         0.00031        -1.04419         1.04482           0
        3624       -41.98592        -2.99836     -1499.71400        -0.20548        -0.00079        -5.50544         5.50927           0
        3627       -37.56138         0.24994     -1500.02883         0.03308        -0.04500        -0.35132         0.35573           0
        3627       -40.15028        -0.19800     -1501.84967        -0.12446         0.00444         0.10432         0.16246           0
        3686       -37.30235        -4.79699     -1500.04726        -0.26065         0.05068       -13.15753        13.16021           0
        3692       -41.86365         6.20746     -1499.96949         0.43904        -0.16521        -0.13272         0.48751           0
        3697       -41.74287         1.87036     -1499.73130         1.91173         2.29465        -9.65578        10.10714           0
        3742       -37.56871        -5.31428     -1500.02831         0.21437        -0.06572        -1.82615         1.83986           0
        3770       -40.35362         6.96943     -1499.83015         0.39184         0.90761        -1.31100         1.20863          -1
        3770       -40.21775         7.04711     -1499.97946        -0.19578        -0.80861        -1.09593         0.95678          -1
        3770       -41.69843         4.82251     -1501.73951        -0.49780         0.06274         0.42394         0.32122          -1
        3788       -43.63690        -2.16050     -1499.59653        -0.08483        -0.03715        -2.47495         2.47669           0
        3794       -38.58108        -0.60516     -1499.95627        -0.29177        -0.00668        -7.33176         7.33757           0
        3834       -38.54565        -0.40064     -1499.95879        -0.27557         0.00167        -6.85344         6.85898           0
        3883       -42.85287        -3.29131     -1501.65737        -0.11103         0.09859         0.10589         0.18238           0
        3938       -39.79025        -1.68966     -1499.87023         0.17868        -0.18168        -0.44293         0.51100           0
        3960       -40.44397         2.13506     -1499.82372        -1.31550        -1.43655        -2.21637         2.95068           0
        3965       -37.52013        -5.57785     -1500.03176        -0.16990        -0.03748        -4.45567         4.45906           0
        3981       -33.80900        -4.64167     -1500.29583         0.42873        -0.17652       -13.25886        12.76580          -1
        3981       -38.62693        -3.19699     -1501.95807        -5.36047         1.23118         5.34324         7.17417          -1
        3981       -39.10080        -2.37458     -1501.92435        -0.08455         0.04874         0.12752         0.16058           0
